059	BANCO BTG PACTUAL CHILE
100000000	 1795292777742,00	 0779231950954,00	 0000000000000,00	 0637435221844,00
105000000	 0052455823042,00	 0000000000000,00	 0000000000000,00	 0104672962519,00
105000100	 0000001727530,00	 0000000000000,00	 0000000000000,00	 0000000171048,00
105000101	 0000001727530,00	 0000000000000,00	 0000000000000,00	 0000000171048,00
105000102	 0000000000000,00	 0000000000000,00	 0000000000000,00	 0000000000000,00
105000103	 0000000000000,00	 0000000000000,00	 0000000000000,00	 0000000000000,00
105000200	 0028285763334,00	 0000000000000,00	 0000000000000,00	 0016109600000,00
105000201	 0028285763334,00	 0000000000000,00	 0000000000000,00	 0016109600000,00
105000202	 0000000000000,00	 0000000000000,00	 0000000000000,00	 0000000000000,00
105000209	 0000000000000,00	 0000000000000,00	 0000000000000,00	 0000000000000,00
105000300	 0000000000000,00	 0000000000000,00	 0000000000000,00	 0011383997973,00
105000301	 0000000000000,00	 0000000000000,00	 0000000000000,00	 0011383997973,00
105000302	 0000000000000,00	 0000000000000,00	 0000000000000,00	 0000000000000,00
105000309	 0000000000000,00	 0000000000000,00	 0000000000000,00	 0000000000000,00
105000400	 0024168332178,00	 0000000000000,00	 0000000000000,00	 0004570615333,00
105000500	 0000000000000,00	 0000000000000,00	 0000000000000,00	 0072608578165,00
107000000	 0075844259857,00	 0000000000000,00	 0000000000000,00	 0046770349109,00
107000100	 0000000000000,00	 0000000000000,00	 0000000000000,00	 0000000000000,00
107000101	 0000000000000,00	 0000000000000,00	 0000000000000,00	 0000000000000,00
107000102	 0000000000000,00	 0000000000000,00	 0000000000000,00	 0000000000000,00
107000103	 0000000000000,00	 0000000000000,00	 0000000000000,00	 0000000000000,00
107000200	 0000000000000,00	 0000000000000,00	 0000000000000,00	 0000000000000,00
107000201	 0000000000000,00	 0000000000000,00	 0000000000000,00	 0000000000000,00
107000202	 0000000000000,00	 0000000000000,00	 0000000000000,00	 0000000000000,00
107000300	 0000000000000,00	 0000000000000,00	 0000000000000,00	 0000000000000,00
107000400	 0075844259857,00	 0000000000000,00	 0000000000000,00	 0046770349109,00
107000401	 0052576987086,00	 0000000000000,00	 0000000000000,00	 0000000000000,00
107000409	 0000001238148,00	 0000000000000,00	 0000000000000,00	 0030406870000,00
107000411	 0023266034623,00	 0000000000000,00	 0000000000000,00	 0000000000000,00
107000419	 0000000000000,00	 0000000000000,00	 0000000000000,00	 0016363479109,00
110000000	 0493976657160,00	 0005751980629,00	 0000000000000,00	 0014368219854,00
111000100	 0332242650137,00	 0000000000000,00	 0000000000000,00	 0002288136240,00
111000101	 0096962534468,00	 0000000000000,00	 0000000000000,00	 0000000000000,00
111000102	 0235280115669,00	 0000000000000,00	 0000000000000,00	 0002288136240,00
111000103	 0000000000000,00	 0000000000000,00	 0000000000000,00	 0000000000000,00
111000104	 0000000000000,00	 0000000000000,00	 0000000000000,00	 0000000000000,00
111000105	 0000000000000,00	 0000000000000,00	 0000000000000,00	 0000000000000,00
111000109	 0000000000000,00	 0000000000000,00	 0000000000000,00	 0000000000000,00
112000000	 0129774909313,00	 0005751980629,00	 0000000000000,00	 0012080083614,00
112000100	 0124651573558,00	 0004667735836,00	 0000000000000,00	 0000000000000,00
112000101	 0109381206987,00	 0000000000000,00	 0000000000000,00	 0000000000000,00
112000102	 0015270366571,00	 0004667735836,00	 0000000000000,00	 0000000000000,00
112000109	 0000000000000,00	 0000000000000,00	 0000000000000,00	 0000000000000,00
112000200	 0005123335755,00	 0001084244793,00	 0000000000000,00	 0000000000000,00
112000201	 0005123335755,00	 0000086171278,00	 0000000000000,00	 0000000000000,00
112000202	 0000000000000,00	 0000998073515,00	 0000000000000,00	 0000000000000,00
112000209	 0000000000000,00	 0000000000000,00	 0000000000000,00	 0000000000000,00
112000300	 0000000000000,00	 0000000000000,00	 0000000000000,00	 0012080083614,00
112000301	 0000000000000,00	 0000000000000,00	 0000000000000,00	 0000000000000,00
112000302	 0000000000000,00	 0000000000000,00	 0000000000000,00	 0012080083614,00
112000303	 0000000000000,00	 0000000000000,00	 0000000000000,00	 0000000000000,00
112000304	 0000000000000,00	 0000000000000,00	 0000000000000,00	 0000000000000,00
112000309	 0000000000000,00	 0000000000000,00	 0000000000000,00	 0000000000000,00
113000000	 0031959097710,00	 0000000000000,00	 0000000000000,00	 0000000000000,00
113000100	 0030018553852,00	 0000000000000,00	 0000000000000,00	 0000000000000,00
113000101	 0030018553852,00	 0000000000000,00	 0000000000000,00	 0000000000000,00
113000102	 0000000000000,00	 0000000000000,00	 0000000000000,00	 0000000000000,00
113000200	 0001940543858,00	 0000000000000,00	 0000000000000,00	 0000000000000,00
113000201	 0001940543858,00	 0000000000000,00	 0000000000000,00	 0000000000000,00
113000202	 0000000000000,00	 0000000000000,00	 0000000000000,00	 0000000000000,00
113000300	 0000000000000,00	 0000000000000,00	 0000000000000,00	 0000000000000,00
113000301	 0000000000000,00	 0000000000000,00	 0000000000000,00	 0000000000000,00
113000302	 0000000000000,00	 0000000000000,00	 0000000000000,00	 0000000000000,00
113000303	 0000000000000,00	 0000000000000,00	 0000000000000,00	 0000000000000,00
113000304	 0000000000000,00	 0000000000000,00	 0000000000000,00	 0000000000000,00
113000400	 0000000000000,00	 0000000000000,00	 0000000000000,00	 0000000000000,00
115000000	 0000000000000,00	 0000000000000,00	 0000000000000,00	 0000000000000,00
115250000	 0000000000000,00	 0000000000000,00	 0000000000000,00	 0000000000000,00
115250100	 0000000000000,00	 0000000000000,00	 0000000000000,00	 0000000000000,00
115250101	 0000000000000,00	 0000000000000,00	 0000000000000,00	 0000000000000,00
115250102	 0000000000000,00	 0000000000000,00	 0000000000000,00	 0000000000000,00
115250109	 0000000000000,00	 0000000000000,00	 0000000000000,00	 0000000000000,00
115250200	 0000000000000,00	 0000000000000,00	 0000000000000,00	 0000000000000,00
115250201	 0000000000000,00	 0000000000000,00	 0000000000000,00	 0000000000000,00
115250202	 0000000000000,00	 0000000000000,00	 0000000000000,00	 0000000000000,00
115250209	 0000000000000,00	 0000000000000,00	 0000000000000,00	 0000000000000,00
115250300	 0000000000000,00	 0000000000000,00	 0000000000000,00	 0000000000000,00
115250301	 0000000000000,00	 0000000000000,00	 0000000000000,00	 0000000000000,00
115250302	 0000000000000,00	 0000000000000,00	 0000000000000,00	 0000000000000,00
115250303	 0000000000000,00	 0000000000000,00	 0000000000000,00	 0000000000000,00
115250304	 0000000000000,00	 0000000000000,00	 0000000000000,00	 0000000000000,00
115250309	 0000000000000,00	 0000000000000,00	 0000000000000,00	 0000000000000,00
115500000	 0000000000000,00	 0000000000000,00	 0000000000000,00	 0000000000000,00
115500100	 0000000000000,00	 0000000000000,00	 0000000000000,00	 0000000000000,00
115500101	 0000000000000,00	 0000000000000,00	 0000000000000,00	 0000000000000,00
115500102	 0000000000000,00	 0000000000000,00	 0000000000000,00	 0000000000000,00
115500300	 0000000000000,00	 0000000000000,00	 0000000000000,00	 0000000000000,00
115500301	 0000000000000,00	 0000000000000,00	 0000000000000,00	 0000000000000,00
115500302	 0000000000000,00	 0000000000000,00	 0000000000000,00	 0000000000000,00
115500303	 0000000000000,00	 0000000000000,00	 0000000000000,00	 0000000000000,00
115500304	 0000000000000,00	 0000000000000,00	 0000000000000,00	 0000000000000,00
115500400	 0000000000000,00	 0000000000000,00	 0000000000000,00	 0000000000000,00
118000000	 0000000000000,00	 0000000000000,00	 0000000000000,00	 0000000000000,00
118250000	 0000000000000,00	 0000000000000,00	 0000000000000,00	 0000000000000,00
118250100	 0000000000000,00	 0000000000000,00	 0000000000000,00	 0000000000000,00
118250101	 0000000000000,00	 0000000000000,00	 0000000000000,00	 0000000000000,00
118250102	 0000000000000,00	 0000000000000,00	 0000000000000,00	 0000000000000,00
118250109	 0000000000000,00	 0000000000000,00	 0000000000000,00	 0000000000000,00
118250200	 0000000000000,00	 0000000000000,00	 0000000000000,00	 0000000000000,00
118250201	 0000000000000,00	 0000000000000,00	 0000000000000,00	 0000000000000,00
118250202	 0000000000000,00	 0000000000000,00	 0000000000000,00	 0000000000000,00
118250209	 0000000000000,00	 0000000000000,00	 0000000000000,00	 0000000000000,00
118250300	 0000000000000,00	 0000000000000,00	 0000000000000,00	 0000000000000,00
118250301	 0000000000000,00	 0000000000000,00	 0000000000000,00	 0000000000000,00
118250302	 0000000000000,00	 0000000000000,00	 0000000000000,00	 0000000000000,00
118250303	 0000000000000,00	 0000000000000,00	 0000000000000,00	 0000000000000,00
118250304	 0000000000000,00	 0000000000000,00	 0000000000000,00	 0000000000000,00
118250309	 0000000000000,00	 0000000000000,00	 0000000000000,00	 0000000000000,00
118500000	 0000000000000,00	 0000000000000,00	 0000000000000,00	 0000000000000,00
118500300	 0000000000000,00	 0000000000000,00	 0000000000000,00	 0000000000000,00
118500301	 0000000000000,00	 0000000000000,00	 0000000000000,00	 0000000000000,00
118500302	 0000000000000,00	 0000000000000,00	 0000000000000,00	 0000000000000,00
118500303	 0000000000000,00	 0000000000000,00	 0000000000000,00	 0000000000000,00
118500304	 0000000000000,00	 0000000000000,00	 0000000000000,00	 0000000000000,00
118500400	 0000000000000,00	 0000000000000,00	 0000000000000,00	 0000000000000,00
120000000	 0116741235702,00	 0138795685049,00	 0000000000000,00	 0000000000000,00
122000000	 0114954353202,00	 0138795685049,00	 0000000000000,00	 0000000000000,00
122000100	 0114938688572,00	 0000000000000,00	 0000000000000,00	 0000000000000,00
122000101	 0096311587382,00	 0000000000000,00	 0000000000000,00	 0000000000000,00
122000102	 0018627101190,00	 0000000000000,00	 0000000000000,00	 0000000000000,00
122000109	 0000000000000,00	 0000000000000,00	 0000000000000,00	 0000000000000,00
122000200	 0000015664630,00	 0138795685049,00	 0000000000000,00	 0000000000000,00
122000201	 0000015664630,00	 0011476438443,00	 0000000000000,00	 0000000000000,00
122000202	 0000000000000,00	 0127319246606,00	 0000000000000,00	 0000000000000,00
122000209	 0000000000000,00	 0000000000000,00	 0000000000000,00	 0000000000000,00
122000300	 0000000000000,00	 0000000000000,00	 0000000000000,00	 0000000000000,00
122000301	 0000000000000,00	 0000000000000,00	 0000000000000,00	 0000000000000,00
122000302	 0000000000000,00	 0000000000000,00	 0000000000000,00	 0000000000000,00
122000303	 0000000000000,00	 0000000000000,00	 0000000000000,00	 0000000000000,00
122000304	 0000000000000,00	 0000000000000,00	 0000000000000,00	 0000000000000,00
122000309	 0000000000000,00	 0000000000000,00	 0000000000000,00	 0000000000000,00
123000000	 0001786882500,00	 0000000000000,00	 0000000000000,00	 0000000000000,00
123000300	 0000000000000,00	 0000000000000,00	 0000000000000,00	 0000000000000,00
123000301	 0000000000000,00	 0000000000000,00	 0000000000000,00	 0000000000000,00
123000302	 0000000000000,00	 0000000000000,00	 0000000000000,00	 0000000000000,00
123000303	 0000000000000,00	 0000000000000,00	 0000000000000,00	 0000000000000,00
123000304	 0000000000000,00	 0000000000000,00	 0000000000000,00	 0000000000000,00
123000400	 0001786882500,00	 0000000000000,00	 0000000000000,00	 0000000000000,00
130000000	 0000840105656,00	 0000000000000,00	 0000000000000,00	 0007728890177,00
130000100	 0000840105656,00	 0000000000000,00	 0000000000000,00	 0007728890177,00
130000101	 0000840105656,00	 0000000000000,00	 0000000000000,00	 0003115197816,00
130000102	 0000000000000,00	 0000000000000,00	 0000000000000,00	 0004613692361,00
130000103	 0000000000000,00	 0000000000000,00	 0000000000000,00	 0000000000000,00
130000104	 0000000000000,00	 0000000000000,00	 0000000000000,00	 0000000000000,00
130000105	 0000000000000,00	 0000000000000,00	 0000000000000,00	 0000000000000,00
130000190	 0000000000000,00	 0000000000000,00	 0000000000000,00	 0000000000000,00
140000000	 0925095548966,00	 0623970784309,00	 0000000000000,00	 0429885695808,00
141000000	 0040435525552,00	 0000000000000,00	 0000000000000,00	 0052803791025,00
141000100	 0000000000000,00	 0000000000000,00	 0000000000000,00	 0000000000000,00
141000101	 0000000000000,00	 0000000000000,00	 0000000000000,00	 0000000000000,00
141000102	 0000000000000,00	 0000000000000,00	 0000000000000,00	 0000000000000,00
141000103	 0000000000000,00	 0000000000000,00	 0000000000000,00	 0000000000000,00
141000200	 0000000000000,00	 0000000000000,00	 0000000000000,00	 0000000000000,00
141000201	 0000000000000,00	 0000000000000,00	 0000000000000,00	 0000000000000,00
141000202	 0000000000000,00	 0000000000000,00	 0000000000000,00	 0000000000000,00
141000203	 0000000000000,00	 0000000000000,00	 0000000000000,00	 0000000000000,00
141000300	 0040444284835,00	 0000000000000,00	 0000000000000,00	 0000000000000,00
141000301	 0040444284835,00	 0000000000000,00	 0000000000000,00	 0000000000000,00
141000302	 0000000000000,00	 0000000000000,00	 0000000000000,00	 0000000000000,00
141000400	 0000000000000,00	 0000000000000,00	 0000000000000,00	 0052803791025,00
141000401	 0000000000000,00	 0000000000000,00	 0000000000000,00	 0052803791025,00
141000402	 0000000000000,00	 0000000000000,00	 0000000000000,00	 0000000000000,00
141000900	-0000008759283,00	 0000000000000,00	 0000000000000,00	 0000000000000,00
141000901	-0000008759283,00	 0000000000000,00	 0000000000000,00	 0000000000000,00
141000902	 0000000000000,00	 0000000000000,00	 0000000000000,00	 0000000000000,00
141000903	 0000000000000,00	 0000000000000,00	 0000000000000,00	 0000000000000,00
141500000	 0000000000000,00	 0000000000000,00	 0000000000000,00	 0000000000000,00
141500100	 0000000000000,00	 0000000000000,00	 0000000000000,00	 0000000000000,00
141500101	 0000000000000,00	 0000000000000,00	 0000000000000,00	 0000000000000,00
141500102	 0000000000000,00	 0000000000000,00	 0000000000000,00	 0000000000000,00
141500109	 0000000000000,00	 0000000000000,00	 0000000000000,00	 0000000000000,00
141500200	 0000000000000,00	 0000000000000,00	 0000000000000,00	 0000000000000,00
141500201	 0000000000000,00	 0000000000000,00	 0000000000000,00	 0000000000000,00
141500202	 0000000000000,00	 0000000000000,00	 0000000000000,00	 0000000000000,00
141500209	 0000000000000,00	 0000000000000,00	 0000000000000,00	 0000000000000,00
141500300	 0000000000000,00	 0000000000000,00	 0000000000000,00	 0000000000000,00
141500301	 0000000000000,00	 0000000000000,00	 0000000000000,00	 0000000000000,00
141500302	 0000000000000,00	 0000000000000,00	 0000000000000,00	 0000000000000,00
141500303	 0000000000000,00	 0000000000000,00	 0000000000000,00	 0000000000000,00
141500304	 0000000000000,00	 0000000000000,00	 0000000000000,00	 0000000000000,00
141500309	 0000000000000,00	 0000000000000,00	 0000000000000,00	 0000000000000,00
141500900	 0000000000000,00	 0000000000000,00	 0000000000000,00	 0000000000000,00
141500901	 0000000000000,00	 0000000000000,00	 0000000000000,00	 0000000000000,00
141500902	 0000000000000,00	 0000000000000,00	 0000000000000,00	 0000000000000,00
141500903	 0000000000000,00	 0000000000000,00	 0000000000000,00	 0000000000000,00
143000000	 0100061111111,00	 0000000000000,00	 0000000000000,00	 0000000000000,00
143100100	 0000000000000,00	 0000000000000,00	 0000000000000,00	 0000000000000,00
143100101	 0000000000000,00	 0000000000000,00	 0000000000000,00	 0000000000000,00
143100102	 0000000000000,00	 0000000000000,00	 0000000000000,00	 0000000000000,00
143100103	 0000000000000,00	 0000000000000,00	 0000000000000,00	 0000000000000,00
143100104	 0000000000000,00	 0000000000000,00	 0000000000000,00	 0000000000000,00
143100105	 0000000000000,00	 0000000000000,00	 0000000000000,00	 0000000000000,00
143100106	 0000000000000,00	 0000000000000,00	 0000000000000,00	 0000000000000,00
143100107	 0000000000000,00	 0000000000000,00	 0000000000000,00	 0000000000000,00
143100190	 0000000000000,00	 0000000000000,00	 0000000000000,00	 0000000000000,00
143150100	 0000000000000,00	 0000000000000,00	 0000000000000,00	 0000000000000,00
143150101	 0000000000000,00	 0000000000000,00	 0000000000000,00	 0000000000000,00
143150102	 0000000000000,00	 0000000000000,00	 0000000000000,00	 0000000000000,00
143150103	 0000000000000,00	 0000000000000,00	 0000000000000,00	 0000000000000,00
143200100	 0000000000000,00	 0000000000000,00	 0000000000000,00	 0000000000000,00
143200101	 0000000000000,00	 0000000000000,00	 0000000000000,00	 0000000000000,00
143200102	 0000000000000,00	 0000000000000,00	 0000000000000,00	 0000000000000,00
143200103	 0000000000000,00	 0000000000000,00	 0000000000000,00	 0000000000000,00
143200104	 0000000000000,00	 0000000000000,00	 0000000000000,00	 0000000000000,00
143200105	 0000000000000,00	 0000000000000,00	 0000000000000,00	 0000000000000,00
143200106	 0000000000000,00	 0000000000000,00	 0000000000000,00	 0000000000000,00
143200107	 0000000000000,00	 0000000000000,00	 0000000000000,00	 0000000000000,00
143200108	 0000000000000,00	 0000000000000,00	 0000000000000,00	 0000000000000,00
143200190	 0000000000000,00	 0000000000000,00	 0000000000000,00	 0000000000000,00
143250100	 0000000000000,00	 0000000000000,00	 0000000000000,00	 0000000000000,00
143250101	 0000000000000,00	 0000000000000,00	 0000000000000,00	 0000000000000,00
143250102	 0000000000000,00	 0000000000000,00	 0000000000000,00	 0000000000000,00
143250103	 0000000000000,00	 0000000000000,00	 0000000000000,00	 0000000000000,00
143300100	 0100061111111,00	 0000000000000,00	 0000000000000,00	 0000000000000,00
143300101	 0000000000000,00	 0000000000000,00	 0000000000000,00	 0000000000000,00
143300102	 0100061111111,00	 0000000000000,00	 0000000000000,00	 0000000000000,00
143300103	 0000000000000,00	 0000000000000,00	 0000000000000,00	 0000000000000,00
143400100	 0000000000000,00	 0000000000000,00	 0000000000000,00	 0000000000000,00
143400101	 0000000000000,00	 0000000000000,00	 0000000000000,00	 0000000000000,00
143400102	 0000000000000,00	 0000000000000,00	 0000000000000,00	 0000000000000,00
143400103	 0000000000000,00	 0000000000000,00	 0000000000000,00	 0000000000000,00
144000000	 0784598912303,00	 0623970784309,00	 0000000000000,00	 0377081904783,00
145000000	 0835432288723,00	 0623970784309,00	 0000000000000,00	 0377879707786,00
145400100	 0745397694713,00	 0620779795849,00	 0000000000000,00	 0369742155010,00
145400101	 0745397694713,00	 0620779795849,00	 0000000000000,00	 0212339152605,00
145400102	 0000000000000,00	 0000000000000,00	 0000000000000,00	 0157403002405,00
145400103	 0000000000000,00	 0000000000000,00	 0000000000000,00	 0000000000000,00
145400104	 0000000000000,00	 0000000000000,00	 0000000000000,00	 0000000000000,00
145400105	 0000000000000,00	 0000000000000,00	 0000000000000,00	 0000000000000,00
145400106	 0000000000000,00	 0000000000000,00	 0000000000000,00	 0000000000000,00
145400200	 0000000000000,00	 0000000000000,00	 0000000000000,00	 0000000000000,00
145400201	 0000000000000,00	 0000000000000,00	 0000000000000,00	 0000000000000,00
145400202	 0000000000000,00	 0000000000000,00	 0000000000000,00	 0000000000000,00
145400203	 0000000000000,00	 0000000000000,00	 0000000000000,00	 0000000000000,00
145400204	 0000000000000,00	 0000000000000,00	 0000000000000,00	 0000000000000,00
145400205	 0000000000000,00	 0000000000000,00	 0000000000000,00	 0000000000000,00
145400290	 0000000000000,00	 0000000000000,00	 0000000000000,00	 0000000000000,00
145400300	 0000000000000,00	 0000000000000,00	 0000000000000,00	 0000000000000,00
145400400	 0000000000000,00	 0000000000000,00	 0000000000000,00	 0000000000000,00
145400401	 0000000000000,00	 0000000000000,00	 0000000000000,00	 0000000000000,00
145400402	 0000000000000,00	 0000000000000,00	 0000000000000,00	 0000000000000,00
145400500	 0090034594010,00	 0000000000000,00	 0000000000000,00	 0008137552776,00
145400501	 0000000000000,00	 0000000000000,00	 0000000000000,00	 0000000000000,00
145400502	 0090034594010,00	 0000000000000,00	 0000000000000,00	 0008137552776,00
145400600	 0000000000000,00	 0000000000000,00	 0000000000000,00	 0000000000000,00
145400601	 0000000000000,00	 0000000000000,00	 0000000000000,00	 0000000000000,00
145400602	 0000000000000,00	 0000000000000,00	 0000000000000,00	 0000000000000,00
145400700	 0000000000000,00	 0000000000000,00	 0000000000000,00	 0000000000000,00
145400701	 0000000000000,00	 0000000000000,00	 0000000000000,00	 0000000000000,00
145400702	 0000000000000,00	 0000000000000,00	 0000000000000,00	 0000000000000,00
145400703	 0000000000000,00	 0000000000000,00	 0000000000000,00	 0000000000000,00
145400900	 0000000000000,00	 0003190988460,00	 0000000000000,00	 0000000000000,00
145400901	 0000000000000,00	 0000000000000,00	 0000000000000,00	 0000000000000,00
145400902	 0000000000000,00	 0003190988460,00	 0000000000000,00	 0000000000000,00
145400990	 0000000000000,00	 0000000000000,00	 0000000000000,00	 0000000000000,00
146000000	 0000000000000,00	 0000000000000,00	 0000000000000,00	 0000000000000,00
146000100	 0000000000000,00	 0000000000000,00	 0000000000000,00	 0000000000000,00
146000200	 0000000000000,00	 0000000000000,00	 0000000000000,00	 0000000000000,00
146000300	 0000000000000,00	 0000000000000,00	 0000000000000,00	 0000000000000,00
146000400	 0000000000000,00	 0000000000000,00	 0000000000000,00	 0000000000000,00
146000401	 0000000000000,00	 0000000000000,00	 0000000000000,00	 0000000000000,00
146000402	 0000000000000,00	 0000000000000,00	 0000000000000,00	 0000000000000,00
146000500	 0000000000000,00	 0000000000000,00	 0000000000000,00	 0000000000000,00
146000900	 0000000000000,00	 0000000000000,00	 0000000000000,00	 0000000000000,00
146000901	 0000000000000,00	 0000000000000,00	 0000000000000,00	 0000000000000,00
146000902	 0000000000000,00	 0000000000000,00	 0000000000000,00	 0000000000000,00
146000903	 0000000000000,00	 0000000000000,00	 0000000000000,00	 0000000000000,00
146000909	 0000000000000,00	 0000000000000,00	 0000000000000,00	 0000000000000,00
148000000	 0000000000000,00	 0000000000000,00	 0000000000000,00	 0000000000000,00
148000100	 0000000000000,00	 0000000000000,00	 0000000000000,00	 0000000000000,00
148000200	 0000000000000,00	 0000000000000,00	 0000000000000,00	 0000000000000,00
148000300	 0000000000000,00	 0000000000000,00	 0000000000000,00	 0000000000000,00
148000301	 0000000000000,00	 0000000000000,00	 0000000000000,00	 0000000000000,00
148000302	 0000000000000,00	 0000000000000,00	 0000000000000,00	 0000000000000,00
148000400	 0000000000000,00	 0000000000000,00	 0000000000000,00	 0000000000000,00
148000900	 0000000000000,00	 0000000000000,00	 0000000000000,00	 0000000000000,00
148000901	 0000000000000,00	 0000000000000,00	 0000000000000,00	 0000000000000,00
148000902	 0000000000000,00	 0000000000000,00	 0000000000000,00	 0000000000000,00
149000000	-0050833376420,00	 0000000000000,00	 0000000000000,00	-0000797803003,00
149500100	-0050833376420,00	 0000000000000,00	 0000000000000,00	-0000797803003,00
149500101	-0012470584644,00	 0000000000000,00	 0000000000000,00	-0000797803003,00
149500102	-0004016393984,00	 0000000000000,00	 0000000000000,00	 0000000000000,00
149500103	-0034346397792,00	 0000000000000,00	 0000000000000,00	 0000000000000,00
149500104	 0000000000000,00	 0000000000000,00	 0000000000000,00	 0000000000000,00
149500105	 0000000000000,00	 0000000000000,00	 0000000000000,00	 0000000000000,00
149500109	 0000000000000,00	 0000000000000,00	 0000000000000,00	 0000000000000,00
149600100	 0000000000000,00	 0000000000000,00	 0000000000000,00	 0000000000000,00
149600101	 0000000000000,00	 0000000000000,00	 0000000000000,00	 0000000000000,00
149600102	 0000000000000,00	 0000000000000,00	 0000000000000,00	 0000000000000,00
149700100	 0000000000000,00	 0000000000000,00	 0000000000000,00	 0000000000000,00
149700101	 0000000000000,00	 0000000000000,00	 0000000000000,00	 0000000000000,00
149700102	 0000000000000,00	 0000000000000,00	 0000000000000,00	 0000000000000,00
150000000	 0000142156212,00	 0000000000000,00	 0000000000000,00	 0000000000000,00
150000100	 0000000000000,00	 0000000000000,00	 0000000000000,00	 0000000000000,00
150000200	 0000000000000,00	 0000000000000,00	 0000000000000,00	 0000000000000,00
150000201	 0000000000000,00	 0000000000000,00	 0000000000000,00	 0000000000000,00
150000202	 0000000000000,00	 0000000000000,00	 0000000000000,00	 0000000000000,00
150000300	 0000000000000,00	 0000000000000,00	 0000000000000,00	 0000000000000,00
150000400	 0000000000000,00	 0000000000000,00	 0000000000000,00	 0000000000000,00
150000500	 0000000000000,00	 0000000000000,00	 0000000000000,00	 0000000000000,00
150000600	 0000000000000,00	 0000000000000,00	 0000000000000,00	 0000000000000,00
150000700	 0000142156212,00	 0000000000000,00	 0000000000000,00	 0000000000000,00
150000800	 0000000000000,00	 0000000000000,00	 0000000000000,00	 0000000000000,00
160000000	 0000106105887,00	 0000000000000,00	 0000000000000,00	 0001697888906,00
160000100	 0000000000000,00	 0000000000000,00	 0000000000000,00	 0000000000000,00
160000200	 0000000000000,00	 0000000000000,00	 0000000000000,00	 0000000000000,00
160000201	 0000000000000,00	 0000000000000,00	 0000000000000,00	 0000000000000,00
160000202	 0000000000000,00	 0000000000000,00	 0000000000000,00	 0000000000000,00
160000203	 0000000000000,00	 0000000000000,00	 0000000000000,00	 0000000000000,00
160000204	 0000000000000,00	 0000000000000,00	 0000000000000,00	 0000000000000,00
160000205	 0000000000000,00	 0000000000000,00	 0000000000000,00	 0000000000000,00
160000206	 0000000000000,00	 0000000000000,00	 0000000000000,00	 0000000000000,00
160000207	 0000000000000,00	 0000000000000,00	 0000000000000,00	 0000000000000,00
160000208	 0000000000000,00	 0000000000000,00	 0000000000000,00	 0000000000000,00
160000209	 0000000000000,00	 0000000000000,00	 0000000000000,00	 0000000000000,00
160000219	 0000000000000,00	 0000000000000,00	 0000000000000,00	 0000000000000,00
160000300	 0000106105887,00	 0000000000000,00	 0000000000000,00	 0001697888906,00
160000301	 0002355018395,00	 0000000000000,00	 0000000000000,00	 0001697888906,00
160000302	 0000000000000,00	 0000000000000,00	 0000000000000,00	 0000000000000,00
160000303	 0000000000000,00	 0000000000000,00	 0000000000000,00	 0000000000000,00
160000309	 0000000000000,00	 0000000000000,00	 0000000000000,00	 0000000000000,00
160000319	-0002248912508,00	 0000000000000,00	 0000000000000,00	 0000000000000,00
170000000	 0001284586025,00	 0000000000000,00	 0000000000000,00	 0000018568789,00
170000100	 0000000000000,00	 0000000000000,00	 0000000000000,00	 0000000000000,00
170000101	 0000000000000,00	 0000000000000,00	 0000000000000,00	 0000000000000,00
170000102	 0000000000000,00	 0000000000000,00	 0000000000000,00	 0000000000000,00
170000119	 0000000000000,00	 0000000000000,00	 0000000000000,00	 0000000000000,00
170000200	 0001284586025,00	 0000000000000,00	 0000000000000,00	 0000018568789,00
170000201	 0004027523442,00	 0000000000000,00	 0000000000000,00	 0000021367825,00
170000209	 0003605527365,00	 0000000000000,00	 0000000000000,00	 0000000000000,00
170000219	-0006348464782,00	 0000000000000,00	 0000000000000,00	-0000002799036,00
175000000	 0000000000000,00	 0010713500967,00	 0000000000000,00	 0000061080738,00
175000100	 0000000000000,00	 0010713500967,00	 0000000000000,00	 0000061080738,00
175000101	 0000000000000,00	 0014933251648,00	 0000000000000,00	 0000180498830,00
175000102	 0000000000000,00	 0000000000000,00	 0000000000000,00	 0000000000000,00
175000119	 0000000000000,00	-0004219750681,00	 0000000000000,00	-0000119418092,00
175000200	 0000000000000,00	 0000000000000,00	 0000000000000,00	 0000000000000,00
175000201	 0000000000000,00	 0000000000000,00	 0000000000000,00	 0000000000000,00
175000219	 0000000000000,00	 0000000000000,00	 0000000000000,00	 0000000000000,00
175000300	 0000000000000,00	 0000000000000,00	 0000000000000,00	 0000000000000,00
175000301	 0000000000000,00	 0000000000000,00	 0000000000000,00	 0000000000000,00
175000309	 0000000000000,00	 0000000000000,00	 0000000000000,00	 0000000000000,00
175000319	 0000000000000,00	 0000000000000,00	 0000000000000,00	 0000000000000,00
175000400	 0000000000000,00	 0000000000000,00	 0000000000000,00	 0000000000000,00
175000401	 0000000000000,00	 0000000000000,00	 0000000000000,00	 0000000000000,00
175000409	 0000000000000,00	 0000000000000,00	 0000000000000,00	 0000000000000,00
175000419	 0000000000000,00	 0000000000000,00	 0000000000000,00	 0000000000000,00
180000000	 0014841676633,00	 0000000000000,00	 0000000000000,00	 0001349068288,00
185000000	 0020819191397,00	 0000000000000,00	 0000000000000,00	 0000890144083,00
190000000	 0093145431205,00	 0000000000000,00	 0000000000000,00	 0029992353573,00
190000100	 0000000000000,00	 0000000000000,00	 0000000000000,00	 0000000000000,00
190000101	 0000000000000,00	 0000000000000,00	 0000000000000,00	 0000000000000,00
190000102	 0000000000000,00	 0000000000000,00	 0000000000000,00	 0000000000000,00
190000103	 0000000000000,00	 0000000000000,00	 0000000000000,00	 0000000000000,00
190000200	 0000000000000,00	 0000000000000,00	 0000000000000,00	 0024281398585,00
190000201	 0000000000000,00	 0000000000000,00	 0000000000000,00	 0000000000000,00
190000202	 0000000000000,00	 0000000000000,00	 0000000000000,00	 0009380018432,00
190000203	 0000000000000,00	 0000000000000,00	 0000000000000,00	 0014901380153,00
190000204	 0000000000000,00	 0000000000000,00	 0000000000000,00	 0000000000000,00
190000300	 0044952573391,00	 0000000000000,00	 0000000000000,00	 0002632501255,00
190000301	 0036782160750,00	 0000000000000,00	 0000000000000,00	 0002632501255,00
190000302	 0008170412641,00	 0000000000000,00	 0000000000000,00	 0000000000000,00
190000303	 0000000000000,00	 0000000000000,00	 0000000000000,00	 0000000000000,00
190000400	 0000000000000,00	 0000000000000,00	 0000000000000,00	 0000000000000,00
190000401	 0000000000000,00	 0000000000000,00	 0000000000000,00	 0000000000000,00
190000402	 0000000000000,00	 0000000000000,00	 0000000000000,00	 0000000000000,00
190000500	 0000022008154,00	 0000000000000,00	 0000000000000,00	 0000000000000,00
190000501	 0000000000000,00	 0000000000000,00	 0000000000000,00	 0000000000000,00
190000502	 0000000000000,00	 0000000000000,00	 0000000000000,00	 0000000000000,00
190000503	 0000000000000,00	 0000000000000,00	 0000000000000,00	 0000000000000,00
190000504	 0000000000000,00	 0000000000000,00	 0000000000000,00	 0000000000000,00
190000505	 0000000000000,00	 0000000000000,00	 0000000000000,00	 0000000000000,00
190000509	 0000022008154,00	 0000000000000,00	 0000000000000,00	 0000000000000,00
190000600	 0000000000000,00	 0000000000000,00	 0000000000000,00	 0000000000000,00
190000700	 0000000000000,00	 0000000000000,00	 0000000000000,00	 0000000000000,00
190000701	 0000000000000,00	 0000000000000,00	 0000000000000,00	 0000000000000,00
190000702	 0000000000000,00	 0000000000000,00	 0000000000000,00	 0000000000000,00
190000800	 0000232854013,00	 0000000000000,00	 0000000000000,00	 0000000000000,00
190000900	 0001145381559,00	 0000000000000,00	 0000000000000,00	 0001112627032,00
190001000	 0000000000000,00	 0000000000000,00	 0000000000000,00	 0000000000000,00
190001100	 0000000000000,00	 0000000000000,00	 0000000000000,00	 0000000000000,00
190001200	 0000000000000,00	 0000000000000,00	 0000000000000,00	 0000000000000,00
190001300	 0000000000000,00	 0000000000000,00	 0000000000000,00	 0000000000000,00
190001400	 0000390489700,00	 0000000000000,00	 0000000000000,00	 0000201370000,00
190001500	 0000000000000,00	 0000000000000,00	 0000000000000,00	 0000000000000,00
190002900	 0046402124388,00	 0000000000000,00	 0000000000000,00	 0001764456701,00
192500100	 0000000000000,00	 0000000000000,00	 0000000000000,00	 0000000000000,00
192500101	 0000000000000,00	 0000000000000,00	 0000000000000,00	 0000000000000,00
192500102	 0000000000000,00	 0000000000000,00	 0000000000000,00	 0000000000000,00
192500103	 0000000000000,00	 0000000000000,00	 0000000000000,00	 0000000000000,00
195000000	 0000000000000,00	 0000000000000,00	 0000000000000,00	 0000000000000,00
195000100	 0000000000000,00	 0000000000000,00	 0000000000000,00	 0000000000000,00
195000101	 0000000000000,00	 0000000000000,00	 0000000000000,00	 0000000000000,00
195000102	 0000000000000,00	 0000000000000,00	 0000000000000,00	 0000000000000,00
195000103	 0000000000000,00	 0000000000000,00	 0000000000000,00	 0000000000000,00
195000200	 0000000000000,00	 0000000000000,00	 0000000000000,00	 0000000000000,00
195000201	 0000000000000,00	 0000000000000,00	 0000000000000,00	 0000000000000,00
195000202	 0000000000000,00	 0000000000000,00	 0000000000000,00	 0000000000000,00
195000203	 0000000000000,00	 0000000000000,00	 0000000000000,00	 0000000000000,00
195000204	 0000000000000,00	 0000000000000,00	 0000000000000,00	 0000000000000,00
195000219	 0000000000000,00	 0000000000000,00	 0000000000000,00	 0000000000000,00
195000300	 0000000000000,00	 0000000000000,00	 0000000000000,00	 0000000000000,00
200000000	 1571385086606,00	 0573521296566,00	 0049094507660,00	 0516903663650,00
207000000	 0047093771143,00	 0000000000000,00	 0000000000000,00	 0048711550591,00
207000100	 0000000000000,00	 0000000000000,00	 0000000000000,00	 0000000000000,00
207000101	 0000000000000,00	 0000000000000,00	 0000000000000,00	 0000000000000,00
207000102	 0000000000000,00	 0000000000000,00	 0000000000000,00	 0000000000000,00
207000200	 0000000000000,00	 0000000000000,00	 0000000000000,00	 0000000000000,00
207000300	 0047093771143,00	 0000000000000,00	 0000000000000,00	 0048711550591,00
207000301	 0030656917719,00	 0000000000000,00	 0000000000000,00	 0000000000000,00
207000309	 0000000000000,00	 0000000000000,00	 0000000000000,00	 0034434269960,00
207000311	 0016436760180,00	 0000000000000,00	 0000000000000,00	 0000000000000,00
207000319	 0000000093244,00	 0000000000000,00	 0000000000000,00	 0014277280631,00
210000000	 0310043202904,00	 0000000000000,00	 0000000000000,00	 0003423292102,00
211000100	 0310043202904,00	 0000000000000,00	 0000000000000,00	 0003423292102,00
211000101	 0086853451636,00	 0000000000000,00	 0000000000000,00	 0000000000000,00
211000102	 0223189751268,00	 0000000000000,00	 0000000000000,00	 0003423292102,00
211000103	 0000000000000,00	 0000000000000,00	 0000000000000,00	 0000000000000,00
211000104	 0000000000000,00	 0000000000000,00	 0000000000000,00	 0000000000000,00
211000105	 0000000000000,00	 0000000000000,00	 0000000000000,00	 0000000000000,00
211000190	 0000000000000,00	 0000000000000,00	 0000000000000,00	 0000000000000,00
213000100	 0000000000000,00	 0000000000000,00	 0000000000000,00	 0000000000000,00
213000101	 0000000000000,00	 0000000000000,00	 0000000000000,00	 0000000000000,00
213000102	 0000000000000,00	 0000000000000,00	 0000000000000,00	 0000000000000,00
213000103	 0000000000000,00	 0000000000000,00	 0000000000000,00	 0000000000000,00
213000109	 0000000000000,00	 0000000000000,00	 0000000000000,00	 0000000000000,00
218000000	 0000000000000,00	 0000000000000,00	 0000000000000,00	 0000000000000,00
218000001	 0000000000000,00	 0000000000000,00	 0000000000000,00	 0000000000000,00
218000002	 0000000000000,00	 0000000000000,00	 0000000000000,00	 0000000000000,00
218000003	 0000000000000,00	 0000000000000,00	 0000000000000,00	 0000000000000,00
218000009	 0000000000000,00	 0000000000000,00	 0000000000000,00	 0000000000000,00
230000000	 0003775347586,00	 0000000000000,00	 0000000000000,00	 0000214080910,00
230000100	 0003775347586,00	 0000000000000,00	 0000000000000,00	 0000214080910,00
230000101	 0000000000000,00	 0000000000000,00	 0000000000000,00	 0000214080910,00
230000102	 0003775347586,00	 0000000000000,00	 0000000000000,00	 0000000000000,00
230000103	 0000000000000,00	 0000000000000,00	 0000000000000,00	 0000000000000,00
230000104	 0000000000000,00	 0000000000000,00	 0000000000000,00	 0000000000000,00
230000105	 0000000000000,00	 0000000000000,00	 0000000000000,00	 0000000000000,00
230000190	 0000000000000,00	 0000000000000,00	 0000000000000,00	 0000000000000,00
240000000	 1146810133042,00	 0471051811220,00	 0049094507660,00	 0392796229168,00
241000000	 0044456206031,00	 0000000000000,00	 0000000000000,00	 0075290114412,00
241000100	 0025676974158,00	 0000000000000,00	 0000000000000,00	 0022209221423,00
241000101	 0000000000000,00	 0000000000000,00	 0000000000000,00	 0000000000000,00
241000102	 0000000000000,00	 0000000000000,00	 0000000000000,00	 0000000000000,00
241000103	 0025676974158,00	 0000000000000,00	 0000000000000,00	 0022209029055,00
241000104	 0000000000000,00	 0000000000000,00	 0000000000000,00	 0000000192368,00
241000200	 0000000000000,00	 0000000000000,00	 0000000000000,00	 0000000000000,00
241000201	 0000000000000,00	 0000000000000,00	 0000000000000,00	 0000000000000,00
241000202	 0000000000000,00	 0000000000000,00	 0000000000000,00	 0000000000000,00
241000300	 0000000000000,00	 0000000000000,00	 0000000000000,00	 0000000000000,00
241000301	 0000000000000,00	 0000000000000,00	 0000000000000,00	 0000000000000,00
241000400	 0000000000000,00	 0000000000000,00	 0000000000000,00	 0000000000000,00
241000401	 0000000000000,00	 0000000000000,00	 0000000000000,00	 0000000000000,00
241000402	 0000000000000,00	 0000000000000,00	 0000000000000,00	 0000000000000,00
241000500	 0018779231873,00	 0000000000000,00	 0000000000000,00	 0053080892989,00
241000501	 0000000000000,00	 0000000000000,00	 0000000000000,00	 0000000000000,00
241000502	 0000000000000,00	 0000000000000,00	 0000000000000,00	 0000000000000,00
241000503	 0000000000000,00	 0000000000000,00	 0000000000000,00	 0000000000000,00
241000504	 0000000000000,00	 0000000000000,00	 0000000000000,00	 0000000000000,00
241000505	 0000638005350,00	 0000000000000,00	 0000000000000,00	 0000000000000,00
241000506	 0000000000000,00	 0000000000000,00	 0000000000000,00	 0000000000000,00
241000507	 0000000000000,00	 0000000000000,00	 0000000000000,00	 0000000000000,00
241000508	 0000000000000,00	 0000000000000,00	 0000000000000,00	 0000000000000,00
241000509	 0000000000000,00	 0000000000000,00	 0000000000000,00	 0000000000000,00
241000510	 0000000000000,00	 0000000000000,00	 0000000000000,00	 0000000000000,00
241000511	 0000000000000,00	 0000000000000,00	 0000000000000,00	 0000000000000,00
241000512	 0000000000000,00	 0000000000000,00	 0000000000000,00	 0000000000000,00
241000513	 0000000000000,00	 0000000000000,00	 0000000000000,00	 0000000000000,00
241000590	 0018141226523,00	 0000000000000,00	 0000000000000,00	 0053080892989,00
242000000	 0870538821966,00	 0079122511825,00	 0000000000000,00	 0300464305957,00
242000100	 0529874124291,00	 0022423987334,00	 0000000000000,00	 0245931415517,00
242000200	 0000000000000,00	 0000000000000,00	 0000000000000,00	 0000000000000,00
242000201	 0000000000000,00	 0000000000000,00	 0000000000000,00	 0000000000000,00
242000202	 0000000000000,00	 0000000000000,00	 0000000000000,00	 0000000000000,00
242000300	 0340664697675,00	 0056698524491,00	 0000000000000,00	 0054532890440,00
242000301	 0000000000000,00	 0000000000000,00	 0000000000000,00	 0000000000000,00
242000302	 0000000000000,00	 0000000000000,00	 0000000000000,00	 0000000000000,00
242000390	 0340664697675,00	 0056698524491,00	 0000000000000,00	 0054532890440,00
243000000	 0001228420370,00	 0000000000000,00	 0000000000000,00	 0017041808799,00
243000100	 0000000000000,00	 0000000000000,00	 0000000000000,00	 0006119412648,00
243000101	 0000000000000,00	 0000000000000,00	 0000000000000,00	 0006119412648,00
243000102	 0000000000000,00	 0000000000000,00	 0000000000000,00	 0000000000000,00
243000103	 0000000000000,00	 0000000000000,00	 0000000000000,00	 0000000000000,00
243000200	 0000000000000,00	 0000000000000,00	 0000000000000,00	 0000000000000,00
243000201	 0000000000000,00	 0000000000000,00	 0000000000000,00	 0000000000000,00
243000202	 0000000000000,00	 0000000000000,00	 0000000000000,00	 0000000000000,00
243000203	 0000000000000,00	 0000000000000,00	 0000000000000,00	 0000000000000,00
243000300	 0001228420370,00	 0000000000000,00	 0000000000000,00	 0000000000000,00
243000301	 0001228420370,00	 0000000000000,00	 0000000000000,00	 0000000000000,00
243000302	 0000000000000,00	 0000000000000,00	 0000000000000,00	 0000000000000,00
243000400	 0000000000000,00	 0000000000000,00	 0000000000000,00	 0010922396151,00
243000401	 0000000000000,00	 0000000000000,00	 0000000000000,00	 0010922396151,00
243000402	 0000000000000,00	 0000000000000,00	 0000000000000,00	 0000000000000,00
244000000	 0192608025001,00	 0000000000000,00	 0000000000000,00	 0000000000000,00
244250000	 0000000000000,00	 0000000000000,00	 0000000000000,00	 0000000000000,00
244250100	 0000000000000,00	 0000000000000,00	 0000000000000,00	 0000000000000,00
244250101	 0000000000000,00	 0000000000000,00	 0000000000000,00	 0000000000000,00
244250102	 0000000000000,00	 0000000000000,00	 0000000000000,00	 0000000000000,00
244250103	 0000000000000,00	 0000000000000,00	 0000000000000,00	 0000000000000,00
244250200	 0000000000000,00	 0000000000000,00	 0000000000000,00	 0000000000000,00
244250201	 0000000000000,00	 0000000000000,00	 0000000000000,00	 0000000000000,00
244250202	 0000000000000,00	 0000000000000,00	 0000000000000,00	 0000000000000,00
244250203	 0000000000000,00	 0000000000000,00	 0000000000000,00	 0000000000000,00
244250204	 0000000000000,00	 0000000000000,00	 0000000000000,00	 0000000000000,00
244250209	 0000000000000,00	 0000000000000,00	 0000000000000,00	 0000000000000,00
244500000	 0000000000000,00	 0000000000000,00	 0000000000000,00	 0000000000000,00
244500100	 0000000000000,00	 0000000000000,00	 0000000000000,00	 0000000000000,00
244500101	 0000000000000,00	 0000000000000,00	 0000000000000,00	 0000000000000,00
244500102	 0000000000000,00	 0000000000000,00	 0000000000000,00	 0000000000000,00
244500103	 0000000000000,00	 0000000000000,00	 0000000000000,00	 0000000000000,00
244500200	 0000000000000,00	 0000000000000,00	 0000000000000,00	 0000000000000,00
244500201	 0000000000000,00	 0000000000000,00	 0000000000000,00	 0000000000000,00
244500202	 0000000000000,00	 0000000000000,00	 0000000000000,00	 0000000000000,00
244500203	 0000000000000,00	 0000000000000,00	 0000000000000,00	 0000000000000,00
244500204	 0000000000000,00	 0000000000000,00	 0000000000000,00	 0000000000000,00
244500209	 0000000000000,00	 0000000000000,00	 0000000000000,00	 0000000000000,00
244700000	 0192608025001,00	 0000000000000,00	 0000000000000,00	 0000000000000,00
244700100	 0192608025001,00	 0000000000000,00	 0000000000000,00	 0000000000000,00
244700200	 0000000000000,00	 0000000000000,00	 0000000000000,00	 0000000000000,00
244900000	 0000000000000,00	 0000000000000,00	 0000000000000,00	 0000000000000,00
244900100	 0000000000000,00	 0000000000000,00	 0000000000000,00	 0000000000000,00
244900200	 0000000000000,00	 0000000000000,00	 0000000000000,00	 0000000000000,00
245000000	 0037978659674,00	 0391929299395,00	 0000000000000,00	 0000000000000,00
245000100	 0000000000000,00	 0000000000000,00	 0000000000000,00	 0000000000000,00
245000101	 0000000000000,00	 0000000000000,00	 0000000000000,00	 0000000000000,00
245000102	 0000000000000,00	 0000000000000,00	 0000000000000,00	 0000000000000,00
245000200	 0037978659674,00	 0391929299395,00	 0000000000000,00	 0000000000000,00
245000201	 0037978659674,00	 0391929299395,00	 0000000000000,00	 0000000000000,00
245000203	 0000000000000,00	 0000000000000,00	 0000000000000,00	 0000000000000,00
246000000	 0000000000000,00	 0000000000000,00	 0049094507660,00	 0000000000000,00
246000100	 0000000000000,00	 0000000000000,00	 0049094507660,00	 0000000000000,00
246000101	 0000000000000,00	 0000000000000,00	 0049094507660,00	 0000000000000,00
246000102	 0000000000000,00	 0000000000000,00	 0000000000000,00	 0000000000000,00
246000200	 0000000000000,00	 0000000000000,00	 0000000000000,00	 0000000000000,00
246000201	 0000000000000,00	 0000000000000,00	 0000000000000,00	 0000000000000,00
246000202	 0000000000000,00	 0000000000000,00	 0000000000000,00	 0000000000000,00
246000203	 0000000000000,00	 0000000000000,00	 0000000000000,00	 0000000000000,00
246000204	 0000000000000,00	 0000000000000,00	 0000000000000,00	 0000000000000,00
246000205	 0000000000000,00	 0000000000000,00	 0000000000000,00	 0000000000000,00
246000206	 0000000000000,00	 0000000000000,00	 0000000000000,00	 0000000000000,00
246000207	 0000000000000,00	 0000000000000,00	 0000000000000,00	 0000000000000,00
246000208	 0000000000000,00	 0000000000000,00	 0000000000000,00	 0000000000000,00
246000290	 0000000000000,00	 0000000000000,00	 0000000000000,00	 0000000000000,00
246000300	 0000000000000,00	 0000000000000,00	 0000000000000,00	 0000000000000,00
246000301	 0000000000000,00	 0000000000000,00	 0000000000000,00	 0000000000000,00
246000302	 0000000000000,00	 0000000000000,00	 0000000000000,00	 0000000000000,00
246000303	 0000000000000,00	 0000000000000,00	 0000000000000,00	 0000000000000,00
246000304	 0000000000000,00	 0000000000000,00	 0000000000000,00	 0000000000000,00
246000305	 0000000000000,00	 0000000000000,00	 0000000000000,00	 0000000000000,00
246000390	 0000000000000,00	 0000000000000,00	 0000000000000,00	 0000000000000,00
250000000	 0000000000000,00	 0011159133984,00	 0000000000000,00	 0000064232200,00
255000000	 0000000000000,00	 0091310351362,00	 0000000000000,00	 0000000000000,00
255000100	 0000000000000,00	 0091310351362,00	 0000000000000,00	 0000000000000,00
255000101	 0000000000000,00	 0000000000000,00	 0000000000000,00	 0000000000000,00
255000102	 0000000000000,00	 0091310351362,00	 0000000000000,00	 0000000000000,00
255000200	 0000000000000,00	 0000000000000,00	 0000000000000,00	 0000000000000,00
255000300	 0000000000000,00	 0000000000000,00	 0000000000000,00	 0000000000000,00
260000000	 0008019255174,00	 0000000000000,00	 0000000000000,00	 0001681660327,00
260000100	 0008019255174,00	 0000000000000,00	 0000000000000,00	 0001681660327,00
260000101	 0006622492539,00	 0000000000000,00	 0000000000000,00	 0001488919044,00
260000102	 0000000000000,00	 0000000000000,00	 0000000000000,00	 0000000000000,00
260000103	 0000000000000,00	 0000000000000,00	 0000000000000,00	 0000000000000,00
260000104	 0000000000000,00	 0000000000000,00	 0000000000000,00	 0000000000000,00
260000105	 0000000000000,00	 0000000000000,00	 0000000000000,00	 0000000000000,00
260000106	 0000000000000,00	 0000000000000,00	 0000000000000,00	 0000000000000,00
260000107	 0000000000000,00	 0000000000000,00	 0000000000000,00	 0000000000000,00
260000109	 0001396762635,00	 0000000000000,00	 0000000000000,00	 0000192741283,00
260000200	 0000000000000,00	 0000000000000,00	 0000000000000,00	 0000000000000,00
260000300	 0000000000000,00	 0000000000000,00	 0000000000000,00	 0000000000000,00
260000400	 0000000000000,00	 0000000000000,00	 0000000000000,00	 0000000000000,00
260000500	 0000000000000,00	 0000000000000,00	 0000000000000,00	 0000000000000,00
260000600	 0000000000000,00	 0000000000000,00	 0000000000000,00	 0000000000000,00
260000900	 0000000000000,00	 0000000000000,00	 0000000000000,00	 0000000000000,00
265000000	 0000000000000,00	 0000000000000,00	 0000000000000,00	 0000000000000,00
265000100	 0000000000000,00	 0000000000000,00	 0000000000000,00	 0000000000000,00
265000101	 0000000000000,00	 0000000000000,00	 0000000000000,00	 0000000000000,00
265000102	 0000000000000,00	 0000000000000,00	 0000000000000,00	 0000000000000,00
265000200	 0000000000000,00	 0000000000000,00	 0000000000000,00	 0000000000000,00
265000300	 0000000000000,00	 0000000000000,00	 0000000000000,00	 0000000000000,00
270000000	 0004065920423,00	 0000000000000,00	 0000000000000,00	 0000295043045,00
271000000	 0003299649913,00	 0000000000000,00	 0000000000000,00	 0000295043045,00
271000100	 0000000000000,00	 0000000000000,00	 0000000000000,00	 0000000000000,00
271000200	 0000000000000,00	 0000000000000,00	 0000000000000,00	 0000000000000,00
271000400	 0003258974425,00	 0000000000000,00	 0000000000000,00	 0000295043045,00
271000500	 0000000000000,00	 0000000000000,00	 0000000000000,00	 0000000000000,00
271000501	 0000000000000,00	 0000000000000,00	 0000000000000,00	 0000000000000,00
271000502	 0000000000000,00	 0000000000000,00	 0000000000000,00	 0000000000000,00
271000503	 0000000000000,00	 0000000000000,00	 0000000000000,00	 0000000000000,00
271000504	 0000000000000,00	 0000000000000,00	 0000000000000,00	 0000000000000,00
271000505	 0000000000000,00	 0000000000000,00	 0000000000000,00	 0000000000000,00
271000600	 0000040675488,00	 0000000000000,00	 0000000000000,00	 0000000000000,00
271000601	 0000000000000,00	 0000000000000,00	 0000000000000,00	 0000000000000,00
271000602	 0000040675488,00	 0000000000000,00	 0000000000000,00	 0000000000000,00
271000700	 0000000000000,00	 0000000000000,00	 0000000000000,00	 0000000000000,00
271000701	 0000000000000,00	 0000000000000,00	 0000000000000,00	 0000000000000,00
271000702	 0000000000000,00	 0000000000000,00	 0000000000000,00	 0000000000000,00
271000703	 0000000000000,00	 0000000000000,00	 0000000000000,00	 0000000000000,00
271000704	 0000000000000,00	 0000000000000,00	 0000000000000,00	 0000000000000,00
271000705	 0000000000000,00	 0000000000000,00	 0000000000000,00	 0000000000000,00
271000800	 0000000000000,00	 0000000000000,00	 0000000000000,00	 0000000000000,00
271000900	 0000000000000,00	 0000000000000,00	 0000000000000,00	 0000000000000,00
272000000	 0000766270510,00	 0000000000000,00	 0000000000000,00	 0000000000000,00
273000000	 0000000000000,00	 0000000000000,00	 0000000000000,00	 0000000000000,00
274000000	 0000000000000,00	 0000000000000,00	 0000000000000,00	 0000000000000,00
274000100	 0000000000000,00	 0000000000000,00	 0000000000000,00	 0000000000000,00
274000200	 0000000000000,00	 0000000000000,00	 0000000000000,00	 0000000000000,00
274000300	 0000000000000,00	 0000000000000,00	 0000000000000,00	 0000000000000,00
275000000	 0000000000000,00	 0000000000000,00	 0000000000000,00	 0000000000000,00
275000100	 0000000000000,00	 0000000000000,00	 0000000000000,00	 0000000000000,00
275000200	 0000000000000,00	 0000000000000,00	 0000000000000,00	 0000000000000,00
275000300	 0000000000000,00	 0000000000000,00	 0000000000000,00	 0000000000000,00
275000400	 0000000000000,00	 0000000000000,00	 0000000000000,00	 0000000000000,00
275000500	 0000000000000,00	 0000000000000,00	 0000000000000,00	 0000000000000,00
275000600	 0000000000000,00	 0000000000000,00	 0000000000000,00	 0000000000000,00
279000000	 0000000000000,00	 0000000000000,00	 0000000000000,00	 0000000000000,00
279000100	 0000000000000,00	 0000000000000,00	 0000000000000,00	 0000000000000,00
279000200	 0000000000000,00	 0000000000000,00	 0000000000000,00	 0000000000000,00
279000300	 0000000000000,00	 0000000000000,00	 0000000000000,00	 0000000000000,00
280000000	 0000000000000,00	 0000000000000,00	 0000000000000,00	 0001177235618,00
285000000	 0000000000000,00	 0000000000000,00	 0000000000000,00	 0000000000000,00
290000000	 0051577456334,00	 0000000000000,00	 0000000000000,00	 0068540339689,00
290000100	 0000000000000,00	 0000000000000,00	 0000000000000,00	 0057858226880,00
290000101	 0000000000000,00	 0000000000000,00	 0000000000000,00	 0000000000000,00
290000102	 0000000000000,00	 0000000000000,00	 0000000000000,00	 0000000000000,00
290000103	 0000000000000,00	 0000000000000,00	 0000000000000,00	 0057858226880,00
290000104	 0000000000000,00	 0000000000000,00	 0000000000000,00	 0000000000000,00
290000200	 0043915841502,00	 0000000000000,00	 0000000000000,00	 0001816532560,00
290000201	 0035745428861,00	 0000000000000,00	 0000000000000,00	 0001816532560,00
290000202	 0008170412641,00	 0000000000000,00	 0000000000000,00	 0000000000000,00
290000203	 0000000000000,00	 0000000000000,00	 0000000000000,00	 0000000000000,00
290000300	 0000440114980,00	 0000000000000,00	 0000000000000,00	 0000000000000,00
290000301	 0000000000000,00	 0000000000000,00	 0000000000000,00	 0000000000000,00
290000302	 0000440114980,00	 0000000000000,00	 0000000000000,00	 0000000000000,00
290000303	 0000000000000,00	 0000000000000,00	 0000000000000,00	 0000000000000,00
290000304	 0000000000000,00	 0000000000000,00	 0000000000000,00	 0000000000000,00
290000305	 0000000000000,00	 0000000000000,00	 0000000000000,00	 0000000000000,00
290000306	 0000000000000,00	 0000000000000,00	 0000000000000,00	 0000000000000,00
290000307	 0000000000000,00	 0000000000000,00	 0000000000000,00	 0000000000000,00
290000308	 0000000000000,00	 0000000000000,00	 0000000000000,00	 0000000000000,00
290000309	 0000000000000,00	 0000000000000,00	 0000000000000,00	 0000000000000,00
290000390	 0000000000000,00	 0000000000000,00	 0000000000000,00	 0000000000000,00
290000400	 0000000000000,00	 0000000000000,00	 0000000000000,00	 0000000000000,00
290000500	 0000000000000,00	 0000000000000,00	 0000000000000,00	 0000000000000,00
290000501	 0000000000000,00	 0000000000000,00	 0000000000000,00	 0000000000000,00
290000502	 0000000000000,00	 0000000000000,00	 0000000000000,00	 0000000000000,00
290000700	 0000000000000,00	 0000000000000,00	 0000000000000,00	 0000000000000,00
290000800	 0000201729883,00	 0000000000000,00	 0000000000000,00	 0000083978890,00
290000801	 0000000000000,00	 0000000000000,00	 0000000000000,00	 0000000000000,00
290000802	 0000000000000,00	 0000000000000,00	 0000000000000,00	 0000000000000,00
290000803	 0000000000000,00	 0000000000000,00	 0000000000000,00	 0000000000000,00
290000809	 0000201729883,00	 0000000000000,00	 0000000000000,00	 0000083978890,00
290000900	 0000753714327,00	 0000000000000,00	 0000000000000,00	 0000000000000,00
290001000	 0000000000000,00	 0000000000000,00	 0000000000000,00	 0000000000000,00
290001100	 0000000000000,00	 0000000000000,00	 0000000000000,00	 0000000000000,00
290001200	 0006266055642,00	 0000000000000,00	 0000000000000,00	 0008781601359,00
295000000	 0000000000000,00	 0000000000000,00	 0000000000000,00	 0000000000000,00
300000000	 0505556075226,00	-0004007243803,00	 0000000000000,00	-0000493435365,00
310000000	 0280577925195,00	 0000000000000,00	 0000000000000,00	 0000000000000,00
311000000	 0280577925195,00	 0000000000000,00	 0000000000000,00	 0000000000000,00
311000100	 0280577925195,00	 0000000000000,00	 0000000000000,00	 0000000000000,00
311000200	 0000000000000,00	 0000000000000,00	 0000000000000,00	 0000000000000,00
311000300	 0000000000000,00	 0000000000000,00	 0000000000000,00	 0000000000000,00
311000400	 0000000000000,00	 0000000000000,00	 0000000000000,00	 0000000000000,00
311000500	 0000000000000,00	 0000000000000,00	 0000000000000,00	 0000000000000,00
311000600	 0000000000000,00	 0000000000000,00	 0000000000000,00	 0000000000000,00
312000000	 0000000000000,00	 0000000000000,00	 0000000000000,00	 0000000000000,00
313000000	 0000000000000,00	 0000000000000,00	 0000000000000,00	 0000000000000,00
320000000	-0006397613245,00	 0000000000000,00	 0000000000000,00	 0000000000000,00
320000100	-0006397613245,00	 0000000000000,00	 0000000000000,00	 0000000000000,00
320000200	 0000000000000,00	 0000000000000,00	 0000000000000,00	 0000000000000,00
320000300	 0000000000000,00	 0000000000000,00	 0000000000000,00	 0000000000000,00
320000400	 0000000000000,00	 0000000000000,00	 0000000000000,00	 0000000000000,00
330000000	-0002209037553,00	-0004007243803,00	 0000000000000,00	 0000000000000,00
331000000	 0000000000000,00	 0000000000000,00	 0000000000000,00	 0000000000000,00
331000100	 0000000000000,00	 0000000000000,00	 0000000000000,00	 0000000000000,00
331000200	 0000000000000,00	 0000000000000,00	 0000000000000,00	 0000000000000,00
331000201	 0000000000000,00	 0000000000000,00	 0000000000000,00	 0000000000000,00
331000202	 0000000000000,00	 0000000000000,00	 0000000000000,00	 0000000000000,00
331000203	 0000000000000,00	 0000000000000,00	 0000000000000,00	 0000000000000,00
331000209	 0000000000000,00	 0000000000000,00	 0000000000000,00	 0000000000000,00
331000300	 0000000000000,00	 0000000000000,00	 0000000000000,00	 0000000000000,00
331000400	 0000000000000,00	 0000000000000,00	 0000000000000,00	 0000000000000,00
331000500	 0000000000000,00	 0000000000000,00	 0000000000000,00	 0000000000000,00
331000900	 0000000000000,00	 0000000000000,00	 0000000000000,00	 0000000000000,00
332000000	-0002209037553,00	-0004007243803,00	 0000000000000,00	 0000000000000,00
332000100	 0001111182018,00	-0004007243803,00	 0000000000000,00	 0000000000000,00
332000200	-0013815047286,00	 0000000000000,00	 0000000000000,00	 0000000000000,00
332000300	 0009518710850,00	 0000000000000,00	 0000000000000,00	 0000000000000,00
332000400	 0000976116865,00	 0000000000000,00	 0000000000000,00	 0000000000000,00
332000500	 0000000000000,00	 0000000000000,00	 0000000000000,00	 0000000000000,00
332000600	 0000000000000,00	 0000000000000,00	 0000000000000,00	 0000000000000,00
332000700	 0000000000000,00	 0000000000000,00	 0000000000000,00	 0000000000000,00
332000900	 0000000000000,00	 0000000000000,00	 0000000000000,00	 0000000000000,00
340000000	 0199748146424,00	 0000000000000,00	 0000000000000,00	-0003381841462,00
340000100	 0199748146424,00	 0000000000000,00	 0000000000000,00	-0003381841462,00
340000200	 0000000000000,00	 0000000000000,00	 0000000000000,00	 0000000000000,00
350000000	 0029580445096,00	 0000000000000,00	 0000000000000,00	 0002888406097,00
360000000	 0000000000000,00	 0000000000000,00	 0000000000000,00	 0000000000000,00
360000100	 0000000000000,00	 0000000000000,00	 0000000000000,00	 0000000000000,00
360000101	 0000000000000,00	 0000000000000,00	 0000000000000,00	 0000000000000,00
360000102	 0000000000000,00	 0000000000000,00	 0000000000000,00	 0000000000000,00
360000200	 0000000000000,00	 0000000000000,00	 0000000000000,00	 0000000000000,00
360000300	 0000000000000,00	 0000000000000,00	 0000000000000,00	 0000000000000,00
365000000	 0000000000000,00	 0000000000000,00	 0000000000000,00	 0000000000000,00
380000000	 0501299865917,00	-0004007243803,00	 0000000000000,00	-0000493435365,00
390000000	 0004256209309,00	 0000000000000,00	 0000000000000,00	 0000000000000,00
500000000	 0835432288723,00	 0623970784309,00	 0000000000000,00	 0377879707786,00
505000000	 0835432288723,00	 0623970784309,00	 0000000000000,00	 0377879707786,00
510000000	 2076941161832,00	 0569514052763,00	 0049094507660,00	 0516410228285,00
