051	BANCO FALABELLA
100000000	 5857483138594,00	 0830728115792,00	 0000000000000,00	 0360473462622,00
105000000	 0257892766914,00	 0000000000000,00	 0000000000000,00	 0044358411770,00
105000100	 0086097451369,00	 0000000000000,00	 0000000000000,00	 0001837437290,00
105000101	 0035189981129,00	 0000000000000,00	 0000000000000,00	 0001812949984,00
105000102	 0050907470240,00	 0000000000000,00	 0000000000000,00	 0000024487306,00
105000103	 0000000000000,00	 0000000000000,00	 0000000000000,00	 0000000000000,00
105000200	 0160295941332,00	 0000000000000,00	 0000000000000,00	 0000027668087,00
105000201	 0080247052443,00	 0000000000000,00	 0000000000000,00	 0000027668087,00
105000202	 0000000000000,00	 0000000000000,00	 0000000000000,00	 0000000000000,00
105000209	 0080048888889,00	 0000000000000,00	 0000000000000,00	 0000000000000,00
105000300	 0000000000000,00	 0000000000000,00	 0000000000000,00	 0000000000000,00
105000301	 0000000000000,00	 0000000000000,00	 0000000000000,00	 0000000000000,00
105000302	 0000000000000,00	 0000000000000,00	 0000000000000,00	 0000000000000,00
105000309	 0000000000000,00	 0000000000000,00	 0000000000000,00	 0000000000000,00
105000400	 0011499374213,00	 0000000000000,00	 0000000000000,00	 0000656232006,00
105000500	 0000000000000,00	 0000000000000,00	 0000000000000,00	 0041837074387,00
107000000	 0041706011297,00	 0000000000000,00	 0000000000000,00	 0025524104133,00
107000100	 0007429459022,00	 0000000000000,00	 0000000000000,00	 0000000000000,00
107000101	 0000000000000,00	 0000000000000,00	 0000000000000,00	 0000000000000,00
107000102	 0007429459022,00	 0000000000000,00	 0000000000000,00	 0000000000000,00
107000103	 0000000000000,00	 0000000000000,00	 0000000000000,00	 0000000000000,00
107000200	 0001091496927,00	 0000000000000,00	 0000000000000,00	 0000000000000,00
107000201	 0000000000000,00	 0000000000000,00	 0000000000000,00	 0000000000000,00
107000202	 0001091496927,00	 0000000000000,00	 0000000000000,00	 0000000000000,00
107000300	 0033185055348,00	 0000000000000,00	 0000000000000,00	 0000000000000,00
107000400	 0000000000000,00	 0000000000000,00	 0000000000000,00	 0025524104133,00
107000401	 0000000000000,00	 0000000000000,00	 0000000000000,00	 0000000000000,00
107000409	 0000000000000,00	 0000000000000,00	 0000000000000,00	 0023158987500,00
107000411	 0000000000000,00	 0000000000000,00	 0000000000000,00	 0000000000000,00
107000419	 0000000000000,00	 0000000000000,00	 0000000000000,00	 0002365116633,00
110000000	 0618831538604,00	 0000000000000,00	 0000000000000,00	 0269961934156,00
111000100	 0548831538604,00	 0000000000000,00	 0000000000000,00	 0269961934156,00
111000101	 0074516591386,00	 0000000000000,00	 0000000000000,00	 0000000000000,00
111000102	 0474314947218,00	 0000000000000,00	 0000000000000,00	 0269961934156,00
111000103	 0000000000000,00	 0000000000000,00	 0000000000000,00	 0000000000000,00
111000104	 0000000000000,00	 0000000000000,00	 0000000000000,00	 0000000000000,00
111000105	 0000000000000,00	 0000000000000,00	 0000000000000,00	 0000000000000,00
111000109	 0000000000000,00	 0000000000000,00	 0000000000000,00	 0000000000000,00
112000000	 0000000000000,00	 0000000000000,00	 0000000000000,00	 0000000000000,00
112000100	 0000000000000,00	 0000000000000,00	 0000000000000,00	 0000000000000,00
112000101	 0000000000000,00	 0000000000000,00	 0000000000000,00	 0000000000000,00
112000102	 0000000000000,00	 0000000000000,00	 0000000000000,00	 0000000000000,00
112000109	 0000000000000,00	 0000000000000,00	 0000000000000,00	 0000000000000,00
112000200	 0000000000000,00	 0000000000000,00	 0000000000000,00	 0000000000000,00
112000201	 0000000000000,00	 0000000000000,00	 0000000000000,00	 0000000000000,00
112000202	 0000000000000,00	 0000000000000,00	 0000000000000,00	 0000000000000,00
112000209	 0000000000000,00	 0000000000000,00	 0000000000000,00	 0000000000000,00
112000300	 0000000000000,00	 0000000000000,00	 0000000000000,00	 0000000000000,00
112000301	 0000000000000,00	 0000000000000,00	 0000000000000,00	 0000000000000,00
112000302	 0000000000000,00	 0000000000000,00	 0000000000000,00	 0000000000000,00
112000303	 0000000000000,00	 0000000000000,00	 0000000000000,00	 0000000000000,00
112000304	 0000000000000,00	 0000000000000,00	 0000000000000,00	 0000000000000,00
112000309	 0000000000000,00	 0000000000000,00	 0000000000000,00	 0000000000000,00
113000000	 0070000000000,00	 0000000000000,00	 0000000000000,00	 0000000000000,00
113000100	 0070000000000,00	 0000000000000,00	 0000000000000,00	 0000000000000,00
113000101	 0000000000000,00	 0000000000000,00	 0000000000000,00	 0000000000000,00
113000102	 0070000000000,00	 0000000000000,00	 0000000000000,00	 0000000000000,00
113000200	 0000000000000,00	 0000000000000,00	 0000000000000,00	 0000000000000,00
113000201	 0000000000000,00	 0000000000000,00	 0000000000000,00	 0000000000000,00
113000202	 0000000000000,00	 0000000000000,00	 0000000000000,00	 0000000000000,00
113000300	 0000000000000,00	 0000000000000,00	 0000000000000,00	 0000000000000,00
113000301	 0000000000000,00	 0000000000000,00	 0000000000000,00	 0000000000000,00
113000302	 0000000000000,00	 0000000000000,00	 0000000000000,00	 0000000000000,00
113000303	 0000000000000,00	 0000000000000,00	 0000000000000,00	 0000000000000,00
113000304	 0000000000000,00	 0000000000000,00	 0000000000000,00	 0000000000000,00
113000400	 0000000000000,00	 0000000000000,00	 0000000000000,00	 0000000000000,00
115000000	 0000000000000,00	 0000000000000,00	 0000000000000,00	 0000000000000,00
115250000	 0000000000000,00	 0000000000000,00	 0000000000000,00	 0000000000000,00
115250100	 0000000000000,00	 0000000000000,00	 0000000000000,00	 0000000000000,00
115250101	 0000000000000,00	 0000000000000,00	 0000000000000,00	 0000000000000,00
115250102	 0000000000000,00	 0000000000000,00	 0000000000000,00	 0000000000000,00
115250109	 0000000000000,00	 0000000000000,00	 0000000000000,00	 0000000000000,00
115250200	 0000000000000,00	 0000000000000,00	 0000000000000,00	 0000000000000,00
115250201	 0000000000000,00	 0000000000000,00	 0000000000000,00	 0000000000000,00
115250202	 0000000000000,00	 0000000000000,00	 0000000000000,00	 0000000000000,00
115250209	 0000000000000,00	 0000000000000,00	 0000000000000,00	 0000000000000,00
115250300	 0000000000000,00	 0000000000000,00	 0000000000000,00	 0000000000000,00
115250301	 0000000000000,00	 0000000000000,00	 0000000000000,00	 0000000000000,00
115250302	 0000000000000,00	 0000000000000,00	 0000000000000,00	 0000000000000,00
115250303	 0000000000000,00	 0000000000000,00	 0000000000000,00	 0000000000000,00
115250304	 0000000000000,00	 0000000000000,00	 0000000000000,00	 0000000000000,00
115250309	 0000000000000,00	 0000000000000,00	 0000000000000,00	 0000000000000,00
115500000	 0000000000000,00	 0000000000000,00	 0000000000000,00	 0000000000000,00
115500100	 0000000000000,00	 0000000000000,00	 0000000000000,00	 0000000000000,00
115500101	 0000000000000,00	 0000000000000,00	 0000000000000,00	 0000000000000,00
115500102	 0000000000000,00	 0000000000000,00	 0000000000000,00	 0000000000000,00
115500300	 0000000000000,00	 0000000000000,00	 0000000000000,00	 0000000000000,00
115500301	 0000000000000,00	 0000000000000,00	 0000000000000,00	 0000000000000,00
115500302	 0000000000000,00	 0000000000000,00	 0000000000000,00	 0000000000000,00
115500303	 0000000000000,00	 0000000000000,00	 0000000000000,00	 0000000000000,00
115500304	 0000000000000,00	 0000000000000,00	 0000000000000,00	 0000000000000,00
115500400	 0000000000000,00	 0000000000000,00	 0000000000000,00	 0000000000000,00
118000000	 0000000000000,00	 0000000000000,00	 0000000000000,00	 0000000000000,00
118250000	 0000000000000,00	 0000000000000,00	 0000000000000,00	 0000000000000,00
118250100	 0000000000000,00	 0000000000000,00	 0000000000000,00	 0000000000000,00
118250101	 0000000000000,00	 0000000000000,00	 0000000000000,00	 0000000000000,00
118250102	 0000000000000,00	 0000000000000,00	 0000000000000,00	 0000000000000,00
118250109	 0000000000000,00	 0000000000000,00	 0000000000000,00	 0000000000000,00
118250200	 0000000000000,00	 0000000000000,00	 0000000000000,00	 0000000000000,00
118250201	 0000000000000,00	 0000000000000,00	 0000000000000,00	 0000000000000,00
118250202	 0000000000000,00	 0000000000000,00	 0000000000000,00	 0000000000000,00
118250209	 0000000000000,00	 0000000000000,00	 0000000000000,00	 0000000000000,00
118250300	 0000000000000,00	 0000000000000,00	 0000000000000,00	 0000000000000,00
118250301	 0000000000000,00	 0000000000000,00	 0000000000000,00	 0000000000000,00
118250302	 0000000000000,00	 0000000000000,00	 0000000000000,00	 0000000000000,00
118250303	 0000000000000,00	 0000000000000,00	 0000000000000,00	 0000000000000,00
118250304	 0000000000000,00	 0000000000000,00	 0000000000000,00	 0000000000000,00
118250309	 0000000000000,00	 0000000000000,00	 0000000000000,00	 0000000000000,00
118500000	 0000000000000,00	 0000000000000,00	 0000000000000,00	 0000000000000,00
118500300	 0000000000000,00	 0000000000000,00	 0000000000000,00	 0000000000000,00
118500301	 0000000000000,00	 0000000000000,00	 0000000000000,00	 0000000000000,00
118500302	 0000000000000,00	 0000000000000,00	 0000000000000,00	 0000000000000,00
118500303	 0000000000000,00	 0000000000000,00	 0000000000000,00	 0000000000000,00
118500304	 0000000000000,00	 0000000000000,00	 0000000000000,00	 0000000000000,00
118500400	 0000000000000,00	 0000000000000,00	 0000000000000,00	 0000000000000,00
120000000	 1129432230846,00	 0124695675791,00	 0000000000000,00	 0000000000000,00
122000000	 1129432230846,00	 0124695675791,00	 0000000000000,00	 0000000000000,00
122000100	 0972472014340,00	 0041160657699,00	 0000000000000,00	 0000000000000,00
122000101	 0923186392745,00	 0000000000000,00	 0000000000000,00	 0000000000000,00
122000102	 0049285621595,00	 0041160657699,00	 0000000000000,00	 0000000000000,00
122000109	 0000000000000,00	 0000000000000,00	 0000000000000,00	 0000000000000,00
122000200	 0156960216506,00	 0083535018092,00	 0000000000000,00	 0000000000000,00
122000201	 0156960216506,00	 0083535018092,00	 0000000000000,00	 0000000000000,00
122000202	 0000000000000,00	 0000000000000,00	 0000000000000,00	 0000000000000,00
122000209	 0000000000000,00	 0000000000000,00	 0000000000000,00	 0000000000000,00
122000300	 0000000000000,00	 0000000000000,00	 0000000000000,00	 0000000000000,00
122000301	 0000000000000,00	 0000000000000,00	 0000000000000,00	 0000000000000,00
122000302	 0000000000000,00	 0000000000000,00	 0000000000000,00	 0000000000000,00
122000303	 0000000000000,00	 0000000000000,00	 0000000000000,00	 0000000000000,00
122000304	 0000000000000,00	 0000000000000,00	 0000000000000,00	 0000000000000,00
122000309	 0000000000000,00	 0000000000000,00	 0000000000000,00	 0000000000000,00
123000000	 0000000000000,00	 0000000000000,00	 0000000000000,00	 0000000000000,00
123000300	 0000000000000,00	 0000000000000,00	 0000000000000,00	 0000000000000,00
123000301	 0000000000000,00	 0000000000000,00	 0000000000000,00	 0000000000000,00
123000302	 0000000000000,00	 0000000000000,00	 0000000000000,00	 0000000000000,00
123000303	 0000000000000,00	 0000000000000,00	 0000000000000,00	 0000000000000,00
123000304	 0000000000000,00	 0000000000000,00	 0000000000000,00	 0000000000000,00
123000400	 0000000000000,00	 0000000000000,00	 0000000000000,00	 0000000000000,00
130000000	 0000000000000,00	 0000000000000,00	 0000000000000,00	 0000000000000,00
130000100	 0000000000000,00	 0000000000000,00	 0000000000000,00	 0000000000000,00
130000101	 0000000000000,00	 0000000000000,00	 0000000000000,00	 0000000000000,00
130000102	 0000000000000,00	 0000000000000,00	 0000000000000,00	 0000000000000,00
130000103	 0000000000000,00	 0000000000000,00	 0000000000000,00	 0000000000000,00
130000104	 0000000000000,00	 0000000000000,00	 0000000000000,00	 0000000000000,00
130000105	 0000000000000,00	 0000000000000,00	 0000000000000,00	 0000000000000,00
130000190	 0000000000000,00	 0000000000000,00	 0000000000000,00	 0000000000000,00
140000000	 3264095510681,00	 0706032440001,00	 0000000000000,00	 0000000000000,00
141000000	 0010543917368,00	 0000000000000,00	 0000000000000,00	 0000000000000,00
141000100	 0000000000000,00	 0000000000000,00	 0000000000000,00	 0000000000000,00
141000101	 0000000000000,00	 0000000000000,00	 0000000000000,00	 0000000000000,00
141000102	 0000000000000,00	 0000000000000,00	 0000000000000,00	 0000000000000,00
141000103	 0000000000000,00	 0000000000000,00	 0000000000000,00	 0000000000000,00
141000200	 0000000000000,00	 0000000000000,00	 0000000000000,00	 0000000000000,00
141000201	 0000000000000,00	 0000000000000,00	 0000000000000,00	 0000000000000,00
141000202	 0000000000000,00	 0000000000000,00	 0000000000000,00	 0000000000000,00
141000203	 0000000000000,00	 0000000000000,00	 0000000000000,00	 0000000000000,00
141000300	 0010543917368,00	 0000000000000,00	 0000000000000,00	 0000000000000,00
141000301	 0010543917368,00	 0000000000000,00	 0000000000000,00	 0000000000000,00
141000302	 0000000000000,00	 0000000000000,00	 0000000000000,00	 0000000000000,00
141000400	 0000000000000,00	 0000000000000,00	 0000000000000,00	 0000000000000,00
141000401	 0000000000000,00	 0000000000000,00	 0000000000000,00	 0000000000000,00
141000402	 0000000000000,00	 0000000000000,00	 0000000000000,00	 0000000000000,00
141000900	 0000000000000,00	 0000000000000,00	 0000000000000,00	 0000000000000,00
141000901	 0000000000000,00	 0000000000000,00	 0000000000000,00	 0000000000000,00
141000902	 0000000000000,00	 0000000000000,00	 0000000000000,00	 0000000000000,00
141000903	 0000000000000,00	 0000000000000,00	 0000000000000,00	 0000000000000,00
141500000	 0072547151061,00	 0004889577727,00	 0000000000000,00	 0000000000000,00
141500100	 0072547151061,00	 0000000000000,00	 0000000000000,00	 0000000000000,00
141500101	 0000000000000,00	 0000000000000,00	 0000000000000,00	 0000000000000,00
141500102	 0072547151061,00	 0000000000000,00	 0000000000000,00	 0000000000000,00
141500109	 0000000000000,00	 0000000000000,00	 0000000000000,00	 0000000000000,00
141500200	 0000000000000,00	 0004892793764,00	 0000000000000,00	 0000000000000,00
141500201	 0000000000000,00	 0004892793764,00	 0000000000000,00	 0000000000000,00
141500202	 0000000000000,00	 0000000000000,00	 0000000000000,00	 0000000000000,00
141500209	 0000000000000,00	 0000000000000,00	 0000000000000,00	 0000000000000,00
141500300	 0000000000000,00	 0000000000000,00	 0000000000000,00	 0000000000000,00
141500301	 0000000000000,00	 0000000000000,00	 0000000000000,00	 0000000000000,00
141500302	 0000000000000,00	 0000000000000,00	 0000000000000,00	 0000000000000,00
141500303	 0000000000000,00	 0000000000000,00	 0000000000000,00	 0000000000000,00
141500304	 0000000000000,00	 0000000000000,00	 0000000000000,00	 0000000000000,00
141500309	 0000000000000,00	 0000000000000,00	 0000000000000,00	 0000000000000,00
141500900	 0000000000000,00	-0000003216037,00	 0000000000000,00	 0000000000000,00
141500901	 0000000000000,00	-0000003216037,00	 0000000000000,00	 0000000000000,00
141500902	 0000000000000,00	 0000000000000,00	 0000000000000,00	 0000000000000,00
141500903	 0000000000000,00	 0000000000000,00	 0000000000000,00	 0000000000000,00
143000000	 0002447840879,00	 0000000000000,00	 0000000000000,00	 0000000000000,00
143100100	 0000000000000,00	 0000000000000,00	 0000000000000,00	 0000000000000,00
143100101	 0000000000000,00	 0000000000000,00	 0000000000000,00	 0000000000000,00
143100102	 0000000000000,00	 0000000000000,00	 0000000000000,00	 0000000000000,00
143100103	 0000000000000,00	 0000000000000,00	 0000000000000,00	 0000000000000,00
143100104	 0000000000000,00	 0000000000000,00	 0000000000000,00	 0000000000000,00
143100105	 0000000000000,00	 0000000000000,00	 0000000000000,00	 0000000000000,00
143100106	 0000000000000,00	 0000000000000,00	 0000000000000,00	 0000000000000,00
143100107	 0000000000000,00	 0000000000000,00	 0000000000000,00	 0000000000000,00
143100190	 0000000000000,00	 0000000000000,00	 0000000000000,00	 0000000000000,00
143150100	 0000000000000,00	 0000000000000,00	 0000000000000,00	 0000000000000,00
143150101	 0000000000000,00	 0000000000000,00	 0000000000000,00	 0000000000000,00
143150102	 0000000000000,00	 0000000000000,00	 0000000000000,00	 0000000000000,00
143150103	 0000000000000,00	 0000000000000,00	 0000000000000,00	 0000000000000,00
143200100	 0000000000000,00	 0000000000000,00	 0000000000000,00	 0000000000000,00
143200101	 0000000000000,00	 0000000000000,00	 0000000000000,00	 0000000000000,00
143200102	 0000000000000,00	 0000000000000,00	 0000000000000,00	 0000000000000,00
143200103	 0000000000000,00	 0000000000000,00	 0000000000000,00	 0000000000000,00
143200104	 0000000000000,00	 0000000000000,00	 0000000000000,00	 0000000000000,00
143200105	 0000000000000,00	 0000000000000,00	 0000000000000,00	 0000000000000,00
143200106	 0000000000000,00	 0000000000000,00	 0000000000000,00	 0000000000000,00
143200107	 0000000000000,00	 0000000000000,00	 0000000000000,00	 0000000000000,00
143200108	 0000000000000,00	 0000000000000,00	 0000000000000,00	 0000000000000,00
143200190	 0000000000000,00	 0000000000000,00	 0000000000000,00	 0000000000000,00
143250100	 0000000000000,00	 0000000000000,00	 0000000000000,00	 0000000000000,00
143250101	 0000000000000,00	 0000000000000,00	 0000000000000,00	 0000000000000,00
143250102	 0000000000000,00	 0000000000000,00	 0000000000000,00	 0000000000000,00
143250103	 0000000000000,00	 0000000000000,00	 0000000000000,00	 0000000000000,00
143300100	 0002447840879,00	 0000000000000,00	 0000000000000,00	 0000000000000,00
143300101	 0002447840879,00	 0000000000000,00	 0000000000000,00	 0000000000000,00
143300102	 0000000000000,00	 0000000000000,00	 0000000000000,00	 0000000000000,00
143300103	 0000000000000,00	 0000000000000,00	 0000000000000,00	 0000000000000,00
143400100	 0000000000000,00	 0000000000000,00	 0000000000000,00	 0000000000000,00
143400101	 0000000000000,00	 0000000000000,00	 0000000000000,00	 0000000000000,00
143400102	 0000000000000,00	 0000000000000,00	 0000000000000,00	 0000000000000,00
143400103	 0000000000000,00	 0000000000000,00	 0000000000000,00	 0000000000000,00
144000000	 3178556601373,00	 0701142862274,00	 0000000000000,00	 0000000000000,00
145000000	 0006453572712,00	 0071298711552,00	 0000000000000,00	 0000000000000,00
145400100	 0005442586396,00	 0014222845101,00	 0000000000000,00	 0000000000000,00
145400101	 0005440087328,00	 0012383063709,00	 0000000000000,00	 0000000000000,00
145400102	 0000000000000,00	 0000000000000,00	 0000000000000,00	 0000000000000,00
145400103	 0000000000000,00	 0000000000000,00	 0000000000000,00	 0000000000000,00
145400104	 0000000030150,00	 0000242549955,00	 0000000000000,00	 0000000000000,00
145400105	 0000000000000,00	 0000000000000,00	 0000000000000,00	 0000000000000,00
145400106	 0000002468918,00	 0001597231437,00	 0000000000000,00	 0000000000000,00
145400200	 0000000000000,00	 0000000000000,00	 0000000000000,00	 0000000000000,00
145400201	 0000000000000,00	 0000000000000,00	 0000000000000,00	 0000000000000,00
145400202	 0000000000000,00	 0000000000000,00	 0000000000000,00	 0000000000000,00
145400203	 0000000000000,00	 0000000000000,00	 0000000000000,00	 0000000000000,00
145400204	 0000000000000,00	 0000000000000,00	 0000000000000,00	 0000000000000,00
145400205	 0000000000000,00	 0000000000000,00	 0000000000000,00	 0000000000000,00
145400290	 0000000000000,00	 0000000000000,00	 0000000000000,00	 0000000000000,00
145400300	 0001010986316,00	 0000000000000,00	 0000000000000,00	 0000000000000,00
145400400	 0000000000000,00	 0000000000000,00	 0000000000000,00	 0000000000000,00
145400401	 0000000000000,00	 0000000000000,00	 0000000000000,00	 0000000000000,00
145400402	 0000000000000,00	 0000000000000,00	 0000000000000,00	 0000000000000,00
145400500	 0000000000000,00	 0000000000000,00	 0000000000000,00	 0000000000000,00
145400501	 0000000000000,00	 0000000000000,00	 0000000000000,00	 0000000000000,00
145400502	 0000000000000,00	 0000000000000,00	 0000000000000,00	 0000000000000,00
145400600	 0000000000000,00	 0000000000000,00	 0000000000000,00	 0000000000000,00
145400601	 0000000000000,00	 0000000000000,00	 0000000000000,00	 0000000000000,00
145400602	 0000000000000,00	 0000000000000,00	 0000000000000,00	 0000000000000,00
145400700	 0000000000000,00	 0057075866451,00	 0000000000000,00	 0000000000000,00
145400701	 0000000000000,00	 0056884223106,00	 0000000000000,00	 0000000000000,00
145400702	 0000000000000,00	 0000131711064,00	 0000000000000,00	 0000000000000,00
145400703	 0000000000000,00	 0000059932281,00	 0000000000000,00	 0000000000000,00
145400900	 0000000000000,00	 0000000000000,00	 0000000000000,00	 0000000000000,00
145400901	 0000000000000,00	 0000000000000,00	 0000000000000,00	 0000000000000,00
145400902	 0000000000000,00	 0000000000000,00	 0000000000000,00	 0000000000000,00
145400990	 0000000000000,00	 0000000000000,00	 0000000000000,00	 0000000000000,00
146000000	 0000091847810,00	 0629844150722,00	 0000000000000,00	 0000000000000,00
146000100	 0000014608196,00	 0050147787618,00	 0000000000000,00	 0000000000000,00
146000200	 0000013697090,00	 0063702958000,00	 0000000000000,00	 0000000000000,00
146000300	 0000000000000,00	 0000000000000,00	 0000000000000,00	 0000000000000,00
146000400	 0000058378430,00	 0499655771587,00	 0000000000000,00	 0000000000000,00
146000401	 0000058378430,00	 0499655771587,00	 0000000000000,00	 0000000000000,00
146000402	 0000000000000,00	 0000000000000,00	 0000000000000,00	 0000000000000,00
146000500	 0000000000000,00	 0000000000000,00	 0000000000000,00	 0000000000000,00
146000900	 0000005164094,00	 0016337633517,00	 0000000000000,00	 0000000000000,00
146000901	 0000005164094,00	 0016337633517,00	 0000000000000,00	 0000000000000,00
146000902	 0000000000000,00	 0000000000000,00	 0000000000000,00	 0000000000000,00
146000903	 0000000000000,00	 0000000000000,00	 0000000000000,00	 0000000000000,00
146000909	 0000000000000,00	 0000000000000,00	 0000000000000,00	 0000000000000,00
148000000	 3522678229329,00	 0000000000000,00	 0000000000000,00	 0000000000000,00
148000100	 0837137494053,00	 0000000000000,00	 0000000000000,00	 0000000000000,00
148000200	 0082796050830,00	 0000000000000,00	 0000000000000,00	 0000000000000,00
148000300	 2602744684446,00	 0000000000000,00	 0000000000000,00	 0000000000000,00
148000301	 1179755745649,00	 0000000000000,00	 0000000000000,00	 0000000000000,00
148000302	 1422988938797,00	 0000000000000,00	 0000000000000,00	 0000000000000,00
148000400	 0000000000000,00	 0000000000000,00	 0000000000000,00	 0000000000000,00
148000900	 0000000000000,00	 0000000000000,00	 0000000000000,00	 0000000000000,00
148000901	 0000000000000,00	 0000000000000,00	 0000000000000,00	 0000000000000,00
148000902	 0000000000000,00	 0000000000000,00	 0000000000000,00	 0000000000000,00
149000000	-0350667048478,00	 0000000000000,00	 0000000000000,00	 0000000000000,00
149500100	-0003031978032,00	 0000000000000,00	 0000000000000,00	 0000000000000,00
149500101	 0000000000000,00	 0000000000000,00	 0000000000000,00	 0000000000000,00
149500102	 0000000000000,00	 0000000000000,00	 0000000000000,00	 0000000000000,00
149500103	 0000000000000,00	 0000000000000,00	 0000000000000,00	 0000000000000,00
149500104	-0000799257153,00	 0000000000000,00	 0000000000000,00	 0000000000000,00
149500105	-0002232720879,00	 0000000000000,00	 0000000000000,00	 0000000000000,00
149500109	 0000000000000,00	 0000000000000,00	 0000000000000,00	 0000000000000,00
149600100	-0003032042373,00	 0000000000000,00	 0000000000000,00	 0000000000000,00
149600101	-0001564487440,00	 0000000000000,00	 0000000000000,00	 0000000000000,00
149600102	-0001467554933,00	 0000000000000,00	 0000000000000,00	 0000000000000,00
149700100	-0344603028073,00	 0000000000000,00	 0000000000000,00	 0000000000000,00
149700101	-0187165835191,00	 0000000000000,00	 0000000000000,00	 0000000000000,00
149700102	-0157437192882,00	 0000000000000,00	 0000000000000,00	 0000000000000,00
150000000	 0000353183641,00	 0000000000000,00	 0000000000000,00	 0000000000000,00
150000100	 0000000000000,00	 0000000000000,00	 0000000000000,00	 0000000000000,00
150000200	 0000000000000,00	 0000000000000,00	 0000000000000,00	 0000000000000,00
150000201	 0000000000000,00	 0000000000000,00	 0000000000000,00	 0000000000000,00
150000202	 0000000000000,00	 0000000000000,00	 0000000000000,00	 0000000000000,00
150000300	 0000000000000,00	 0000000000000,00	 0000000000000,00	 0000000000000,00
150000400	 0000000000000,00	 0000000000000,00	 0000000000000,00	 0000000000000,00
150000500	 0000000000000,00	 0000000000000,00	 0000000000000,00	 0000000000000,00
150000600	 0000000000000,00	 0000000000000,00	 0000000000000,00	 0000000000000,00
150000700	 0000317628965,00	 0000000000000,00	 0000000000000,00	 0000000000000,00
150000800	 0000035554676,00	 0000000000000,00	 0000000000000,00	 0000000000000,00
160000000	 0022979120429,00	 0000000000000,00	 0000000000000,00	 0000000000000,00
160000100	 0000000000000,00	 0000000000000,00	 0000000000000,00	 0000000000000,00
160000200	 0000000000000,00	 0000000000000,00	 0000000000000,00	 0000000000000,00
160000201	 0000000000000,00	 0000000000000,00	 0000000000000,00	 0000000000000,00
160000202	 0000000000000,00	 0000000000000,00	 0000000000000,00	 0000000000000,00
160000203	 0000000000000,00	 0000000000000,00	 0000000000000,00	 0000000000000,00
160000204	 0000000000000,00	 0000000000000,00	 0000000000000,00	 0000000000000,00
160000205	 0000000000000,00	 0000000000000,00	 0000000000000,00	 0000000000000,00
160000206	 0000000000000,00	 0000000000000,00	 0000000000000,00	 0000000000000,00
160000207	 0000000000000,00	 0000000000000,00	 0000000000000,00	 0000000000000,00
160000208	 0000000000000,00	 0000000000000,00	 0000000000000,00	 0000000000000,00
160000209	 0000000000000,00	 0000000000000,00	 0000000000000,00	 0000000000000,00
160000219	 0000000000000,00	 0000000000000,00	 0000000000000,00	 0000000000000,00
160000300	 0022979120429,00	 0000000000000,00	 0000000000000,00	 0000000000000,00
160000301	 0046938140947,00	 0000000000000,00	 0000000000000,00	 0000000000000,00
160000302	 0038261467152,00	 0000000000000,00	 0000000000000,00	 0000000000000,00
160000303	 0000000000000,00	 0000000000000,00	 0000000000000,00	 0000000000000,00
160000309	 0000000000000,00	 0000000000000,00	 0000000000000,00	 0000000000000,00
160000319	-0062220487670,00	 0000000000000,00	 0000000000000,00	 0000000000000,00
170000000	 0009100294375,00	 0000000000000,00	 0000000000000,00	 0000000000000,00
170000100	 0000173910485,00	 0000000000000,00	 0000000000000,00	 0000000000000,00
170000101	 0000322977658,00	 0000000000000,00	 0000000000000,00	 0000000000000,00
170000102	 0000173910484,00	 0000000000000,00	 0000000000000,00	 0000000000000,00
170000119	-0000322977657,00	 0000000000000,00	 0000000000000,00	 0000000000000,00
170000200	 0008926383890,00	 0000000000000,00	 0000000000000,00	 0000000000000,00
170000201	 0032797102889,00	 0000000000000,00	 0000000000000,00	 0000000000000,00
170000209	 0004330148373,00	 0000000000000,00	 0000000000000,00	 0000000000000,00
170000219	-0028200867372,00	 0000000000000,00	 0000000000000,00	 0000000000000,00
175000000	 0027476033857,00	 0000000000000,00	 0000000000000,00	 0000000000000,00
175000100	 0017796942527,00	 0000000000000,00	 0000000000000,00	 0000000000000,00
175000101	 0042998610133,00	 0000000000000,00	 0000000000000,00	 0000000000000,00
175000102	 0000000000000,00	 0000000000000,00	 0000000000000,00	 0000000000000,00
175000119	-0025201667606,00	 0000000000000,00	 0000000000000,00	 0000000000000,00
175000200	 0009679091330,00	 0000000000000,00	 0000000000000,00	 0000000000000,00
175000201	 0023891896259,00	 0000000000000,00	 0000000000000,00	 0000000000000,00
175000219	-0014212804929,00	 0000000000000,00	 0000000000000,00	 0000000000000,00
175000300	 0000000000000,00	 0000000000000,00	 0000000000000,00	 0000000000000,00
175000301	 0000000000000,00	 0000000000000,00	 0000000000000,00	 0000000000000,00
175000309	 0000000000000,00	 0000000000000,00	 0000000000000,00	 0000000000000,00
175000319	 0000000000000,00	 0000000000000,00	 0000000000000,00	 0000000000000,00
175000400	 0000000000000,00	 0000000000000,00	 0000000000000,00	 0000000000000,00
175000401	 0000000000000,00	 0000000000000,00	 0000000000000,00	 0000000000000,00
175000409	 0000000000000,00	 0000000000000,00	 0000000000000,00	 0000000000000,00
175000419	 0000000000000,00	 0000000000000,00	 0000000000000,00	 0000000000000,00
180000000	 0106003138304,00	 0000000000000,00	 0000000000000,00	 0000000000000,00
185000000	 0083871291707,00	 0000000000000,00	 0000000000000,00	 0000000000000,00
190000000	 0295742017939,00	 0000000000000,00	 0000000000000,00	 0020629012563,00
190000100	 0000000000000,00	 0000000000000,00	 0000000000000,00	 0000000000000,00
190000101	 0000000000000,00	 0000000000000,00	 0000000000000,00	 0000000000000,00
190000102	 0000000000000,00	 0000000000000,00	 0000000000000,00	 0000000000000,00
190000103	 0000000000000,00	 0000000000000,00	 0000000000000,00	 0000000000000,00
190000200	 0072718876426,00	 0000000000000,00	 0000000000000,00	 0019765660895,00
190000201	 0011136107926,00	 0000000000000,00	 0000000000000,00	 0000000000000,00
190000202	 0000000000000,00	 0000000000000,00	 0000000000000,00	 0000000000000,00
190000203	 0061582768500,00	 0000000000000,00	 0000000000000,00	 0000000000000,00
190000204	 0000000000000,00	 0000000000000,00	 0000000000000,00	 0019765660895,00
190000300	 0000000000000,00	 0000000000000,00	 0000000000000,00	 0000000000000,00
190000301	 0000000000000,00	 0000000000000,00	 0000000000000,00	 0000000000000,00
190000302	 0000000000000,00	 0000000000000,00	 0000000000000,00	 0000000000000,00
190000303	 0000000000000,00	 0000000000000,00	 0000000000000,00	 0000000000000,00
190000400	 0000000000000,00	 0000000000000,00	 0000000000000,00	 0000000000000,00
190000401	 0000000000000,00	 0000000000000,00	 0000000000000,00	 0000000000000,00
190000402	 0000000000000,00	 0000000000000,00	 0000000000000,00	 0000000000000,00
190000500	 0112131082131,00	 0000000000000,00	 0000000000000,00	 0000000000000,00
190000501	 0000000000000,00	 0000000000000,00	 0000000000000,00	 0000000000000,00
190000502	 0000000000000,00	 0000000000000,00	 0000000000000,00	 0000000000000,00
190000503	 0000301920559,00	 0000000000000,00	 0000000000000,00	 0000000000000,00
190000504	 0000485758731,00	 0000000000000,00	 0000000000000,00	 0000000000000,00
190000505	 0000000000000,00	 0000000000000,00	 0000000000000,00	 0000000000000,00
190000509	 0111343402841,00	 0000000000000,00	 0000000000000,00	 0000000000000,00
190000600	 0000000000000,00	 0000000000000,00	 0000000000000,00	 0000000000000,00
190000700	 0000000000000,00	 0000000000000,00	 0000000000000,00	 0000000000000,00
190000701	 0000000000000,00	 0000000000000,00	 0000000000000,00	 0000000000000,00
190000702	 0000000000000,00	 0000000000000,00	 0000000000000,00	 0000000000000,00
190000800	 0001607461172,00	 0000000000000,00	 0000000000000,00	 0000000000000,00
190000900	 0012225262485,00	 0000000000000,00	 0000000000000,00	 0000000000000,00
190001000	 0000000000000,00	 0000000000000,00	 0000000000000,00	 0000000000000,00
190001100	 0000000000000,00	 0000000000000,00	 0000000000000,00	 0000000000000,00
190001200	 0000000000000,00	 0000000000000,00	 0000000000000,00	 0000000000000,00
190001300	 0000000000000,00	 0000000000000,00	 0000000000000,00	 0000000000000,00
190001400	 0000629334798,00	 0000000000000,00	 0000000000000,00	 0000000000000,00
190001500	 0034233912237,00	 0000000000000,00	 0000000000000,00	 0000863351668,00
190002900	 0062600380288,00	 0000000000000,00	 0000000000000,00	 0000000000000,00
192500100	-0000404291598,00	 0000000000000,00	 0000000000000,00	 0000000000000,00
192500101	 0000000000000,00	 0000000000000,00	 0000000000000,00	 0000000000000,00
192500102	 0000000000000,00	 0000000000000,00	 0000000000000,00	 0000000000000,00
192500103	-0000404291598,00	 0000000000000,00	 0000000000000,00	 0000000000000,00
195000000	 0000000000000,00	 0000000000000,00	 0000000000000,00	 0000000000000,00
195000100	 0000000000000,00	 0000000000000,00	 0000000000000,00	 0000000000000,00
195000101	 0000000000000,00	 0000000000000,00	 0000000000000,00	 0000000000000,00
195000102	 0000000000000,00	 0000000000000,00	 0000000000000,00	 0000000000000,00
195000103	 0000000000000,00	 0000000000000,00	 0000000000000,00	 0000000000000,00
195000200	 0000000000000,00	 0000000000000,00	 0000000000000,00	 0000000000000,00
195000201	 0000000000000,00	 0000000000000,00	 0000000000000,00	 0000000000000,00
195000202	 0000000000000,00	 0000000000000,00	 0000000000000,00	 0000000000000,00
195000203	 0000000000000,00	 0000000000000,00	 0000000000000,00	 0000000000000,00
195000204	 0000000000000,00	 0000000000000,00	 0000000000000,00	 0000000000000,00
195000219	 0000000000000,00	 0000000000000,00	 0000000000000,00	 0000000000000,00
195000300	 0000000000000,00	 0000000000000,00	 0000000000000,00	 0000000000000,00
200000000	 4909683995578,00	 0627221643881,00	 0000000000000,00	 0527313948941,00
207000000	 0087571472986,00	 0000000000000,00	 0000000000000,00	 0024999748369,00
207000100	 0000070153395,00	 0000000000000,00	 0000000000000,00	 0000000000000,00
207000101	 0000000000000,00	 0000000000000,00	 0000000000000,00	 0000000000000,00
207000102	 0000070153395,00	 0000000000000,00	 0000000000000,00	 0000000000000,00
207000200	 0087501319591,00	 0000000000000,00	 0000000000000,00	 0000000000000,00
207000300	 0000000000000,00	 0000000000000,00	 0000000000000,00	 0024999748369,00
207000301	 0000000000000,00	 0000000000000,00	 0000000000000,00	 0000000000000,00
207000309	 0000000000000,00	 0000000000000,00	 0000000000000,00	 0018929955000,00
207000311	 0000000000000,00	 0000000000000,00	 0000000000000,00	 0000008743990,00
207000319	 0000000000000,00	 0000000000000,00	 0000000000000,00	 0006061049379,00
210000000	 0597550267540,00	 0000000000000,00	 0000000000000,00	 0286670612925,00
211000100	 0597550267540,00	 0000000000000,00	 0000000000000,00	 0286670612925,00
211000101	 0098512309240,00	 0000000000000,00	 0000000000000,00	 0014135072523,00
211000102	 0499037958300,00	 0000000000000,00	 0000000000000,00	 0272535540402,00
211000103	 0000000000000,00	 0000000000000,00	 0000000000000,00	 0000000000000,00
211000104	 0000000000000,00	 0000000000000,00	 0000000000000,00	 0000000000000,00
211000105	 0000000000000,00	 0000000000000,00	 0000000000000,00	 0000000000000,00
211000190	 0000000000000,00	 0000000000000,00	 0000000000000,00	 0000000000000,00
213000100	 0000000000000,00	 0000000000000,00	 0000000000000,00	 0000000000000,00
213000101	 0000000000000,00	 0000000000000,00	 0000000000000,00	 0000000000000,00
213000102	 0000000000000,00	 0000000000000,00	 0000000000000,00	 0000000000000,00
213000103	 0000000000000,00	 0000000000000,00	 0000000000000,00	 0000000000000,00
213000109	 0000000000000,00	 0000000000000,00	 0000000000000,00	 0000000000000,00
218000000	 0000000000000,00	 0000000000000,00	 0000000000000,00	 0000000000000,00
218000001	 0000000000000,00	 0000000000000,00	 0000000000000,00	 0000000000000,00
218000002	 0000000000000,00	 0000000000000,00	 0000000000000,00	 0000000000000,00
218000003	 0000000000000,00	 0000000000000,00	 0000000000000,00	 0000000000000,00
218000009	 0000000000000,00	 0000000000000,00	 0000000000000,00	 0000000000000,00
230000000	 0000000000000,00	 0000000000000,00	 0000000000000,00	 0000000000000,00
230000100	 0000000000000,00	 0000000000000,00	 0000000000000,00	 0000000000000,00
230000101	 0000000000000,00	 0000000000000,00	 0000000000000,00	 0000000000000,00
230000102	 0000000000000,00	 0000000000000,00	 0000000000000,00	 0000000000000,00
230000103	 0000000000000,00	 0000000000000,00	 0000000000000,00	 0000000000000,00
230000104	 0000000000000,00	 0000000000000,00	 0000000000000,00	 0000000000000,00
230000105	 0000000000000,00	 0000000000000,00	 0000000000000,00	 0000000000000,00
230000190	 0000000000000,00	 0000000000000,00	 0000000000000,00	 0000000000000,00
240000000	 4001260377560,00	 0598679047883,00	 0000000000000,00	 0196987512847,00
241000000	 1387450449253,00	 0005319143859,00	 0000000000000,00	 0000066988174,00
241000100	 1134634748429,00	 0000000000000,00	 0000000000000,00	 0000000000000,00
241000101	 0000000000000,00	 0000000000000,00	 0000000000000,00	 0000000000000,00
241000102	 0000000000000,00	 0000000000000,00	 0000000000000,00	 0000000000000,00
241000103	 0021432520310,00	 0000000000000,00	 0000000000000,00	 0000000000000,00
241000104	 1113202228119,00	 0000000000000,00	 0000000000000,00	 0000000000000,00
241000200	 0211400939853,00	 0000000000000,00	 0000000000000,00	 0000000000000,00
241000201	 0000000000000,00	 0000000000000,00	 0000000000000,00	 0000000000000,00
241000202	 0211400939853,00	 0000000000000,00	 0000000000000,00	 0000000000000,00
241000300	 0026041332114,00	 0000000000000,00	 0000000000000,00	 0000000000000,00
241000301	 0026041332114,00	 0000000000000,00	 0000000000000,00	 0000000000000,00
241000400	 0000000000000,00	 0000000000000,00	 0000000000000,00	 0000000000000,00
241000401	 0000000000000,00	 0000000000000,00	 0000000000000,00	 0000000000000,00
241000402	 0000000000000,00	 0000000000000,00	 0000000000000,00	 0000000000000,00
241000500	 0015373428857,00	 0005319143859,00	 0000000000000,00	 0000066988174,00
241000501	 0000000000000,00	 0000000000000,00	 0000000000000,00	 0000000000000,00
241000502	 0000000000000,00	 0000000000000,00	 0000000000000,00	 0000000000000,00
241000503	 0000000000000,00	 0000000000000,00	 0000000000000,00	 0000000000000,00
241000504	 0000000000000,00	 0000000000000,00	 0000000000000,00	 0000000000000,00
241000505	 0000000000000,00	 0000000000000,00	 0000000000000,00	 0000000000000,00
241000506	 0008498635161,00	 0000000000000,00	 0000000000000,00	 0000000000000,00
241000507	 0000000000000,00	 0000000000000,00	 0000000000000,00	 0000000000000,00
241000508	 0000000000000,00	 0000000000000,00	 0000000000000,00	 0000000000000,00
241000509	 0001990442800,00	 0005319143859,00	 0000000000000,00	 0000000000000,00
241000510	 0000806743500,00	 0000000000000,00	 0000000000000,00	 0000000000000,00
241000511	 0000844825487,00	 0000000000000,00	 0000000000000,00	 0000066988174,00
241000512	 0000000000000,00	 0000000000000,00	 0000000000000,00	 0000000000000,00
241000513	 0000000000000,00	 0000000000000,00	 0000000000000,00	 0000000000000,00
241000590	 0003232781909,00	 0000000000000,00	 0000000000000,00	 0000000000000,00
242000000	 1889672045243,00	 0170322976555,00	 0000000000000,00	 0196920524673,00
242000100	 1362701506491,00	 0014422538334,00	 0000000000000,00	 0188595363617,00
242000200	 0000000000000,00	 0142103809857,00	 0000000000000,00	 0000000000000,00
242000201	 0000000000000,00	 0096640659554,00	 0000000000000,00	 0000000000000,00
242000202	 0000000000000,00	 0045463150303,00	 0000000000000,00	 0000000000000,00
242000300	 0526970538752,00	 0013796628364,00	 0000000000000,00	 0008325161056,00
242000301	 0000000000000,00	 0000000000000,00	 0000000000000,00	 0000000000000,00
242000302	 0000000000000,00	 0000000000000,00	 0000000000000,00	 0000000000000,00
242000390	 0526970538752,00	 0013796628364,00	 0000000000000,00	 0008325161056,00
243000000	 0000000000000,00	 0000000000000,00	 0000000000000,00	 0000000000000,00
243000100	 0000000000000,00	 0000000000000,00	 0000000000000,00	 0000000000000,00
243000101	 0000000000000,00	 0000000000000,00	 0000000000000,00	 0000000000000,00
243000102	 0000000000000,00	 0000000000000,00	 0000000000000,00	 0000000000000,00
243000103	 0000000000000,00	 0000000000000,00	 0000000000000,00	 0000000000000,00
243000200	 0000000000000,00	 0000000000000,00	 0000000000000,00	 0000000000000,00
243000201	 0000000000000,00	 0000000000000,00	 0000000000000,00	 0000000000000,00
243000202	 0000000000000,00	 0000000000000,00	 0000000000000,00	 0000000000000,00
243000203	 0000000000000,00	 0000000000000,00	 0000000000000,00	 0000000000000,00
243000300	 0000000000000,00	 0000000000000,00	 0000000000000,00	 0000000000000,00
243000301	 0000000000000,00	 0000000000000,00	 0000000000000,00	 0000000000000,00
243000302	 0000000000000,00	 0000000000000,00	 0000000000000,00	 0000000000000,00
243000400	 0000000000000,00	 0000000000000,00	 0000000000000,00	 0000000000000,00
243000401	 0000000000000,00	 0000000000000,00	 0000000000000,00	 0000000000000,00
243000402	 0000000000000,00	 0000000000000,00	 0000000000000,00	 0000000000000,00
244000000	 0342011394166,00	 0000000000000,00	 0000000000000,00	 0000000000000,00
244250000	 0239347116668,00	 0000000000000,00	 0000000000000,00	 0000000000000,00
244250100	 0000000000000,00	 0000000000000,00	 0000000000000,00	 0000000000000,00
244250101	 0000000000000,00	 0000000000000,00	 0000000000000,00	 0000000000000,00
244250102	 0000000000000,00	 0000000000000,00	 0000000000000,00	 0000000000000,00
244250103	 0000000000000,00	 0000000000000,00	 0000000000000,00	 0000000000000,00
244250200	 0239347116668,00	 0000000000000,00	 0000000000000,00	 0000000000000,00
244250201	 0000000000000,00	 0000000000000,00	 0000000000000,00	 0000000000000,00
244250202	 0000000000000,00	 0000000000000,00	 0000000000000,00	 0000000000000,00
244250203	 0000000000000,00	 0000000000000,00	 0000000000000,00	 0000000000000,00
244250204	 0000000000000,00	 0000000000000,00	 0000000000000,00	 0000000000000,00
244250209	 0239347116668,00	 0000000000000,00	 0000000000000,00	 0000000000000,00
244500000	 0000000000000,00	 0000000000000,00	 0000000000000,00	 0000000000000,00
244500100	 0000000000000,00	 0000000000000,00	 0000000000000,00	 0000000000000,00
244500101	 0000000000000,00	 0000000000000,00	 0000000000000,00	 0000000000000,00
244500102	 0000000000000,00	 0000000000000,00	 0000000000000,00	 0000000000000,00
244500103	 0000000000000,00	 0000000000000,00	 0000000000000,00	 0000000000000,00
244500200	 0000000000000,00	 0000000000000,00	 0000000000000,00	 0000000000000,00
244500201	 0000000000000,00	 0000000000000,00	 0000000000000,00	 0000000000000,00
244500202	 0000000000000,00	 0000000000000,00	 0000000000000,00	 0000000000000,00
244500203	 0000000000000,00	 0000000000000,00	 0000000000000,00	 0000000000000,00
244500204	 0000000000000,00	 0000000000000,00	 0000000000000,00	 0000000000000,00
244500209	 0000000000000,00	 0000000000000,00	 0000000000000,00	 0000000000000,00
244700000	 0102664277498,00	 0000000000000,00	 0000000000000,00	 0000000000000,00
244700100	 0102664277498,00	 0000000000000,00	 0000000000000,00	 0000000000000,00
244700200	 0000000000000,00	 0000000000000,00	 0000000000000,00	 0000000000000,00
244900000	 0000000000000,00	 0000000000000,00	 0000000000000,00	 0000000000000,00
244900100	 0000000000000,00	 0000000000000,00	 0000000000000,00	 0000000000000,00
244900200	 0000000000000,00	 0000000000000,00	 0000000000000,00	 0000000000000,00
245000000	 0000000000000,00	 0261065669451,00	 0000000000000,00	 0000000000000,00
245000100	 0000000000000,00	 0051267067405,00	 0000000000000,00	 0000000000000,00
245000101	 0000000000000,00	 0051081947015,00	 0000000000000,00	 0000000000000,00
245000102	 0000000000000,00	 0000185120390,00	 0000000000000,00	 0000000000000,00
245000200	 0000000000000,00	 0209798602046,00	 0000000000000,00	 0000000000000,00
245000201	 0000000000000,00	 0209798602046,00	 0000000000000,00	 0000000000000,00
245000203	 0000000000000,00	 0000000000000,00	 0000000000000,00	 0000000000000,00
246000000	 0382126488898,00	 0161971258018,00	 0000000000000,00	 0000000000000,00
246000100	 0000000000000,00	 0003218577030,00	 0000000000000,00	 0000000000000,00
246000101	 0000000000000,00	 0003218577030,00	 0000000000000,00	 0000000000000,00
246000102	 0000000000000,00	 0000000000000,00	 0000000000000,00	 0000000000000,00
246000200	 0382126488898,00	 0158752680988,00	 0000000000000,00	 0000000000000,00
246000201	 0046929446895,00	 0000000000000,00	 0000000000000,00	 0000000000000,00
246000202	 0000000000000,00	 0000000000000,00	 0000000000000,00	 0000000000000,00
246000203	 0000000000000,00	 0000000000000,00	 0000000000000,00	 0000000000000,00
246000204	 0182923679226,00	 0000000000000,00	 0000000000000,00	 0000000000000,00
246000205	 0000000000000,00	 0000000000000,00	 0000000000000,00	 0000000000000,00
246000206	 0000000000000,00	 0000000000000,00	 0000000000000,00	 0000000000000,00
246000207	 0000000000000,00	 0000000000000,00	 0000000000000,00	 0000000000000,00
246000208	 0000000000000,00	 0000000000000,00	 0000000000000,00	 0000000000000,00
246000290	 0152273362777,00	 0158752680988,00	 0000000000000,00	 0000000000000,00
246000300	 0000000000000,00	 0000000000000,00	 0000000000000,00	 0000000000000,00
246000301	 0000000000000,00	 0000000000000,00	 0000000000000,00	 0000000000000,00
246000302	 0000000000000,00	 0000000000000,00	 0000000000000,00	 0000000000000,00
246000303	 0000000000000,00	 0000000000000,00	 0000000000000,00	 0000000000000,00
246000304	 0000000000000,00	 0000000000000,00	 0000000000000,00	 0000000000000,00
246000305	 0000000000000,00	 0000000000000,00	 0000000000000,00	 0000000000000,00
246000390	 0000000000000,00	 0000000000000,00	 0000000000000,00	 0000000000000,00
250000000	 0018174633270,00	 0000152430671,00	 0000000000000,00	 0000000000000,00
255000000	 0000207106256,00	 0028390165327,00	 0000000000000,00	 0000000000000,00
255000100	 0000207106256,00	 0028390165327,00	 0000000000000,00	 0000000000000,00
255000101	 0000000000000,00	 0000000000000,00	 0000000000000,00	 0000000000000,00
255000102	 0000207106256,00	 0028390165327,00	 0000000000000,00	 0000000000000,00
255000200	 0000000000000,00	 0000000000000,00	 0000000000000,00	 0000000000000,00
255000300	 0000000000000,00	 0000000000000,00	 0000000000000,00	 0000000000000,00
260000000	 0007432780803,00	 0000000000000,00	 0000000000000,00	 0000000000000,00
260000100	 0007069728827,00	 0000000000000,00	 0000000000000,00	 0000000000000,00
260000101	 0005872230862,00	 0000000000000,00	 0000000000000,00	 0000000000000,00
260000102	 0000000000000,00	 0000000000000,00	 0000000000000,00	 0000000000000,00
260000103	 0000133525785,00	 0000000000000,00	 0000000000000,00	 0000000000000,00
260000104	 0000000000000,00	 0000000000000,00	 0000000000000,00	 0000000000000,00
260000105	 0001047272219,00	 0000000000000,00	 0000000000000,00	 0000000000000,00
260000106	 0000000000000,00	 0000000000000,00	 0000000000000,00	 0000000000000,00
260000107	 0000000000000,00	 0000000000000,00	 0000000000000,00	 0000000000000,00
260000109	 0000016699961,00	 0000000000000,00	 0000000000000,00	 0000000000000,00
260000200	 0000000000000,00	 0000000000000,00	 0000000000000,00	 0000000000000,00
260000300	 0000000000000,00	 0000000000000,00	 0000000000000,00	 0000000000000,00
260000400	 0000000000000,00	 0000000000000,00	 0000000000000,00	 0000000000000,00
260000500	 0000000000000,00	 0000000000000,00	 0000000000000,00	 0000000000000,00
260000600	 0000363051976,00	 0000000000000,00	 0000000000000,00	 0000000000000,00
260000900	 0000000000000,00	 0000000000000,00	 0000000000000,00	 0000000000000,00
265000000	 0002669612998,00	 0000000000000,00	 0000000000000,00	 0000000000000,00
265000100	 0002669612998,00	 0000000000000,00	 0000000000000,00	 0000000000000,00
265000101	 0002669612998,00	 0000000000000,00	 0000000000000,00	 0000000000000,00
265000102	 0000000000000,00	 0000000000000,00	 0000000000000,00	 0000000000000,00
265000200	 0000000000000,00	 0000000000000,00	 0000000000000,00	 0000000000000,00
265000300	 0000000000000,00	 0000000000000,00	 0000000000000,00	 0000000000000,00
270000000	 0017772270560,00	 0000000000000,00	 0000000000000,00	 0000000000000,00
271000000	 0005507435560,00	 0000000000000,00	 0000000000000,00	 0000000000000,00
271000100	 0000000000000,00	 0000000000000,00	 0000000000000,00	 0000000000000,00
271000200	 0000000000000,00	 0000000000000,00	 0000000000000,00	 0000000000000,00
271000400	 0000000000000,00	 0000000000000,00	 0000000000000,00	 0000000000000,00
271000500	 0000000000000,00	 0000000000000,00	 0000000000000,00	 0000000000000,00
271000501	 0000000000000,00	 0000000000000,00	 0000000000000,00	 0000000000000,00
271000502	 0000000000000,00	 0000000000000,00	 0000000000000,00	 0000000000000,00
271000503	 0000000000000,00	 0000000000000,00	 0000000000000,00	 0000000000000,00
271000504	 0000000000000,00	 0000000000000,00	 0000000000000,00	 0000000000000,00
271000505	 0000000000000,00	 0000000000000,00	 0000000000000,00	 0000000000000,00
271000600	 0000000013455,00	 0000000000000,00	 0000000000000,00	 0000000000000,00
271000601	 0000000013455,00	 0000000000000,00	 0000000000000,00	 0000000000000,00
271000602	 0000000000000,00	 0000000000000,00	 0000000000000,00	 0000000000000,00
271000700	 0005507422105,00	 0000000000000,00	 0000000000000,00	 0000000000000,00
271000701	 0000012888856,00	 0000000000000,00	 0000000000000,00	 0000000000000,00
271000702	 0000000000000,00	 0000000000000,00	 0000000000000,00	 0000000000000,00
271000703	 0000620781896,00	 0000000000000,00	 0000000000000,00	 0000000000000,00
271000704	 0004873751353,00	 0000000000000,00	 0000000000000,00	 0000000000000,00
271000705	 0000000000000,00	 0000000000000,00	 0000000000000,00	 0000000000000,00
271000800	 0000000000000,00	 0000000000000,00	 0000000000000,00	 0000000000000,00
271000900	 0000000000000,00	 0000000000000,00	 0000000000000,00	 0000000000000,00
272000000	 0000000000000,00	 0000000000000,00	 0000000000000,00	 0000000000000,00
273000000	 0000000000000,00	 0000000000000,00	 0000000000000,00	 0000000000000,00
274000000	 0012264000000,00	 0000000000000,00	 0000000000000,00	 0000000000000,00
274000100	 0000000000000,00	 0000000000000,00	 0000000000000,00	 0000000000000,00
274000200	 0000000000000,00	 0000000000000,00	 0000000000000,00	 0000000000000,00
274000300	 0012264000000,00	 0000000000000,00	 0000000000000,00	 0000000000000,00
275000000	 0000000835000,00	 0000000000000,00	 0000000000000,00	 0000000000000,00
275000100	 0000000000000,00	 0000000000000,00	 0000000000000,00	 0000000000000,00
275000200	 0000000000000,00	 0000000000000,00	 0000000000000,00	 0000000000000,00
275000300	 0000000835000,00	 0000000000000,00	 0000000000000,00	 0000000000000,00
275000400	 0000000000000,00	 0000000000000,00	 0000000000000,00	 0000000000000,00
275000500	 0000000000000,00	 0000000000000,00	 0000000000000,00	 0000000000000,00
275000600	 0000000000000,00	 0000000000000,00	 0000000000000,00	 0000000000000,00
279000000	 0000000000000,00	 0000000000000,00	 0000000000000,00	 0000000000000,00
279000100	 0000000000000,00	 0000000000000,00	 0000000000000,00	 0000000000000,00
279000200	 0000000000000,00	 0000000000000,00	 0000000000000,00	 0000000000000,00
279000300	 0000000000000,00	 0000000000000,00	 0000000000000,00	 0000000000000,00
280000000	 0000000000001,00	 0000000000000,00	 0000000000000,00	 0000000000000,00
285000000	 0000000000000,00	 0000000000000,00	 0000000000000,00	 0000000000000,00
290000000	 0177045473604,00	 0000000000000,00	 0000000000000,00	 0018656074800,00
290000100	 0016263650700,00	 0000000000000,00	 0000000000000,00	 0018656074800,00
290000101	 0000000000000,00	 0000000000000,00	 0000000000000,00	 0000000000000,00
290000102	 0000000000000,00	 0000000000000,00	 0000000000000,00	 0000000000000,00
290000103	 0016263650700,00	 0000000000000,00	 0000000000000,00	 0000000000000,00
290000104	 0000000000000,00	 0000000000000,00	 0000000000000,00	 0018656074800,00
290000200	 0000000000000,00	 0000000000000,00	 0000000000000,00	 0000000000000,00
290000201	 0000000000000,00	 0000000000000,00	 0000000000000,00	 0000000000000,00
290000202	 0000000000000,00	 0000000000000,00	 0000000000000,00	 0000000000000,00
290000203	 0000000000000,00	 0000000000000,00	 0000000000000,00	 0000000000000,00
290000300	 0094551424456,00	 0000000000000,00	 0000000000000,00	 0000000000000,00
290000301	 0000000000000,00	 0000000000000,00	 0000000000000,00	 0000000000000,00
290000302	 0000830678972,00	 0000000000000,00	 0000000000000,00	 0000000000000,00
290000303	 0000000000000,00	 0000000000000,00	 0000000000000,00	 0000000000000,00
290000304	 0000000000000,00	 0000000000000,00	 0000000000000,00	 0000000000000,00
290000305	 0003042165264,00	 0000000000000,00	 0000000000000,00	 0000000000000,00
290000306	 0000000000000,00	 0000000000000,00	 0000000000000,00	 0000000000000,00
290000307	 0000000000000,00	 0000000000000,00	 0000000000000,00	 0000000000000,00
290000308	 0009389087260,00	 0000000000000,00	 0000000000000,00	 0000000000000,00
290000309	 0000000000000,00	 0000000000000,00	 0000000000000,00	 0000000000000,00
290000390	 0081289492960,00	 0000000000000,00	 0000000000000,00	 0000000000000,00
290000400	 0000000000000,00	 0000000000000,00	 0000000000000,00	 0000000000000,00
290000500	 0000023638451,00	 0000000000000,00	 0000000000000,00	 0000000000000,00
290000501	 0000023638451,00	 0000000000000,00	 0000000000000,00	 0000000000000,00
290000502	 0000000000000,00	 0000000000000,00	 0000000000000,00	 0000000000000,00
290000700	 0000000000000,00	 0000000000000,00	 0000000000000,00	 0000000000000,00
290000800	 0043198727551,00	 0000000000000,00	 0000000000000,00	 0000000000000,00
290000801	 0043198727551,00	 0000000000000,00	 0000000000000,00	 0000000000000,00
290000802	 0000000000000,00	 0000000000000,00	 0000000000000,00	 0000000000000,00
290000803	 0000000000000,00	 0000000000000,00	 0000000000000,00	 0000000000000,00
290000809	 0000000000000,00	 0000000000000,00	 0000000000000,00	 0000000000000,00
290000900	 0002304505486,00	 0000000000000,00	 0000000000000,00	 0000000000000,00
290001000	 0000009354832,00	 0000000000000,00	 0000000000000,00	 0000000000000,00
290001100	 0003486505440,00	 0000000000000,00	 0000000000000,00	 0000000000000,00
290001200	 0017207666688,00	 0000000000000,00	 0000000000000,00	 0000000000000,00
295000000	 0000000000000,00	 0000000000000,00	 0000000000000,00	 0000000000000,00
300000000	 0984465128608,00	 0000000000000,00	 0000000000000,00	 0000000000000,00
310000000	 0275285502005,00	 0000000000000,00	 0000000000000,00	 0000000000000,00
311000000	 0275285502005,00	 0000000000000,00	 0000000000000,00	 0000000000000,00
311000100	 0275285502005,00	 0000000000000,00	 0000000000000,00	 0000000000000,00
311000200	 0000000000000,00	 0000000000000,00	 0000000000000,00	 0000000000000,00
311000300	 0000000000000,00	 0000000000000,00	 0000000000000,00	 0000000000000,00
311000400	 0000000000000,00	 0000000000000,00	 0000000000000,00	 0000000000000,00
311000500	 0000000000000,00	 0000000000000,00	 0000000000000,00	 0000000000000,00
311000600	 0000000000000,00	 0000000000000,00	 0000000000000,00	 0000000000000,00
312000000	 0000000000000,00	 0000000000000,00	 0000000000000,00	 0000000000000,00
313000000	 0000000000000,00	 0000000000000,00	 0000000000000,00	 0000000000000,00
320000000	 0509546265873,00	 0000000000000,00	 0000000000000,00	 0000000000000,00
320000100	 0010496491811,00	 0000000000000,00	 0000000000000,00	 0000000000000,00
320000200	 0499049774062,00	 0000000000000,00	 0000000000000,00	 0000000000000,00
320000300	 0000000000000,00	 0000000000000,00	 0000000000000,00	 0000000000000,00
320000400	 0000000000000,00	 0000000000000,00	 0000000000000,00	 0000000000000,00
330000000	-0006900282870,00	 0000000000000,00	 0000000000000,00	 0000000000000,00
331000000	 0000000000000,00	 0000000000000,00	 0000000000000,00	 0000000000000,00
331000100	 0000000000000,00	 0000000000000,00	 0000000000000,00	 0000000000000,00
331000200	 0000000000000,00	 0000000000000,00	 0000000000000,00	 0000000000000,00
331000201	 0000000000000,00	 0000000000000,00	 0000000000000,00	 0000000000000,00
331000202	 0000000000000,00	 0000000000000,00	 0000000000000,00	 0000000000000,00
331000203	 0000000000000,00	 0000000000000,00	 0000000000000,00	 0000000000000,00
331000209	 0000000000000,00	 0000000000000,00	 0000000000000,00	 0000000000000,00
331000300	 0000000000000,00	 0000000000000,00	 0000000000000,00	 0000000000000,00
331000400	 0000000000000,00	 0000000000000,00	 0000000000000,00	 0000000000000,00
331000500	 0000000000000,00	 0000000000000,00	 0000000000000,00	 0000000000000,00
331000900	 0000000000000,00	 0000000000000,00	 0000000000000,00	 0000000000000,00
332000000	-0006900282870,00	 0000000000000,00	 0000000000000,00	 0000000000000,00
332000100	-0006900282870,00	 0000000000000,00	 0000000000000,00	 0000000000000,00
332000200	 0000000000000,00	 0000000000000,00	 0000000000000,00	 0000000000000,00
332000300	 0000000000000,00	 0000000000000,00	 0000000000000,00	 0000000000000,00
332000400	 0000000000000,00	 0000000000000,00	 0000000000000,00	 0000000000000,00
332000500	 0000000000000,00	 0000000000000,00	 0000000000000,00	 0000000000000,00
332000600	 0000000000000,00	 0000000000000,00	 0000000000000,00	 0000000000000,00
332000700	 0000000000000,00	 0000000000000,00	 0000000000000,00	 0000000000000,00
332000900	 0000000000000,00	 0000000000000,00	 0000000000000,00	 0000000000000,00
340000000	 0046994050224,00	 0000000000000,00	 0000000000000,00	 0000000000000,00
340000100	-0001994582440,00	 0000000000000,00	 0000000000000,00	 0000000000000,00
340000200	 0048988632664,00	 0000000000000,00	 0000000000000,00	 0000000000000,00
350000000	 0008898709997,00	 0000000000000,00	 0000000000000,00	 0000000000000,00
360000000	-0002669612998,00	 0000000000000,00	 0000000000000,00	 0000000000000,00
360000100	-0002669612998,00	 0000000000000,00	 0000000000000,00	 0000000000000,00
360000101	-0002669612998,00	 0000000000000,00	 0000000000000,00	 0000000000000,00
360000102	 0000000000000,00	 0000000000000,00	 0000000000000,00	 0000000000000,00
360000200	 0000000000000,00	 0000000000000,00	 0000000000000,00	 0000000000000,00
360000300	 0000000000000,00	 0000000000000,00	 0000000000000,00	 0000000000000,00
365000000	 0000000000000,00	 0000000000000,00	 0000000000000,00	 0000000000000,00
380000000	 0831154632231,00	 0000000000000,00	 0000000000000,00	 0000000000000,00
390000000	 0153310496377,00	 0000000000000,00	 0000000000000,00	 0000000000000,00
500000000	 3529223649851,00	 0701142862274,00	 0000000000000,00	 0000000000000,00
505000000	 3529223649851,00	 0701142862274,00	 0000000000000,00	 0000000000000,00
510000000	 5894149124186,00	 0627221643881,00	 0000000000000,00	 0527313948941,00
