009	BANCO INTERNACIONAL
100000000	 2007310619052,00	 1913516507709,00	 0000000000000,00	 0421636745363,00
105000000	 0083035324917,00	 0000000000000,00	 0000000000000,00	 0103067922655,00
105000100	 0004843089262,00	 0000000000000,00	 0000000000000,00	 0001911069096,00
105000101	 0004703659262,00	 0000000000000,00	 0000000000000,00	 0001911069096,00
105000102	 0000139430000,00	 0000000000000,00	 0000000000000,00	 0000000000000,00
105000103	 0000000000000,00	 0000000000000,00	 0000000000000,00	 0000000000000,00
105000200	 0075759617566,00	 0000000000000,00	 0000000000000,00	 0082021825025,00
105000201	 0004759617566,00	 0000000000000,00	 0000000000000,00	 0000819361025,00
105000202	 0000000000000,00	 0000000000000,00	 0000000000000,00	 0081202464000,00
105000209	 0071000000000,00	 0000000000000,00	 0000000000000,00	 0000000000000,00
105000300	 0000000000000,00	 0000000000000,00	 0000000000000,00	 0000000000000,00
105000301	 0000000000000,00	 0000000000000,00	 0000000000000,00	 0000000000000,00
105000302	 0000000000000,00	 0000000000000,00	 0000000000000,00	 0000000000000,00
105000309	 0000000000000,00	 0000000000000,00	 0000000000000,00	 0000000000000,00
105000400	 0002432618089,00	 0000000000000,00	 0000000000000,00	 0000359379066,00
105000500	 0000000000000,00	 0000000000000,00	 0000000000000,00	 0018775649468,00
107000000	 0034419184679,00	 0000000000000,00	 0000000000000,00	 0020876552321,00
107000100	 0002440210807,00	 0000000000000,00	 0000000000000,00	 0000058022882,00
107000101	 0000000144266,00	 0000000000000,00	 0000000000000,00	 0000000000000,00
107000102	 0002440066541,00	 0000000000000,00	 0000000000000,00	 0000010145289,00
107000103	 0000000000000,00	 0000000000000,00	 0000000000000,00	 0000047877593,00
107000200	 0000000000000,00	 0000000000000,00	 0000000000000,00	 0000000000000,00
107000201	 0000000000000,00	 0000000000000,00	 0000000000000,00	 0000000000000,00
107000202	 0000000000000,00	 0000000000000,00	 0000000000000,00	 0000000000000,00
107000300	 0000000000000,00	 0000000000000,00	 0000000000000,00	 0000000000000,00
107000400	 0031978973872,00	 0000000000000,00	 0000000000000,00	 0020818529439,00
107000401	 0010351171427,00	 0000000000000,00	 0000000000000,00	 0000000000000,00
107000409	 0000000000000,00	 0000000000000,00	 0000000000000,00	 0006155069289,00
107000411	 0013922348000,00	 0000000000000,00	 0000000000000,00	 0000000000000,00
107000419	 0007705454445,00	 0000000000000,00	 0000000000000,00	 0014663460150,00
110000000	 0312891206694,00	 0170615609504,00	 0000000000000,00	 0000000000000,00
111000100	 0282313455296,00	 0170615609504,00	 0000000000000,00	 0000000000000,00
111000101	 0039792954856,00	 0000000000000,00	 0000000000000,00	 0000000000000,00
111000102	 0242520500440,00	 0170615609504,00	 0000000000000,00	 0000000000000,00
111000103	 0000000000000,00	 0000000000000,00	 0000000000000,00	 0000000000000,00
111000104	 0000000000000,00	 0000000000000,00	 0000000000000,00	 0000000000000,00
111000105	 0000000000000,00	 0000000000000,00	 0000000000000,00	 0000000000000,00
111000109	 0000000000000,00	 0000000000000,00	 0000000000000,00	 0000000000000,00
112000000	 0000000000000,00	 0000000000000,00	 0000000000000,00	 0000000000000,00
112000100	 0000000000000,00	 0000000000000,00	 0000000000000,00	 0000000000000,00
112000101	 0000000000000,00	 0000000000000,00	 0000000000000,00	 0000000000000,00
112000102	 0000000000000,00	 0000000000000,00	 0000000000000,00	 0000000000000,00
112000109	 0000000000000,00	 0000000000000,00	 0000000000000,00	 0000000000000,00
112000200	 0000000000000,00	 0000000000000,00	 0000000000000,00	 0000000000000,00
112000201	 0000000000000,00	 0000000000000,00	 0000000000000,00	 0000000000000,00
112000202	 0000000000000,00	 0000000000000,00	 0000000000000,00	 0000000000000,00
112000209	 0000000000000,00	 0000000000000,00	 0000000000000,00	 0000000000000,00
112000300	 0000000000000,00	 0000000000000,00	 0000000000000,00	 0000000000000,00
112000301	 0000000000000,00	 0000000000000,00	 0000000000000,00	 0000000000000,00
112000302	 0000000000000,00	 0000000000000,00	 0000000000000,00	 0000000000000,00
112000303	 0000000000000,00	 0000000000000,00	 0000000000000,00	 0000000000000,00
112000304	 0000000000000,00	 0000000000000,00	 0000000000000,00	 0000000000000,00
112000309	 0000000000000,00	 0000000000000,00	 0000000000000,00	 0000000000000,00
113000000	 0030577751398,00	 0000000000000,00	 0000000000000,00	 0000000000000,00
113000100	 0030577751398,00	 0000000000000,00	 0000000000000,00	 0000000000000,00
113000101	 0030312333184,00	 0000000000000,00	 0000000000000,00	 0000000000000,00
113000102	 0000265418214,00	 0000000000000,00	 0000000000000,00	 0000000000000,00
113000200	 0000000000000,00	 0000000000000,00	 0000000000000,00	 0000000000000,00
113000201	 0000000000000,00	 0000000000000,00	 0000000000000,00	 0000000000000,00
113000202	 0000000000000,00	 0000000000000,00	 0000000000000,00	 0000000000000,00
113000300	 0000000000000,00	 0000000000000,00	 0000000000000,00	 0000000000000,00
113000301	 0000000000000,00	 0000000000000,00	 0000000000000,00	 0000000000000,00
113000302	 0000000000000,00	 0000000000000,00	 0000000000000,00	 0000000000000,00
113000303	 0000000000000,00	 0000000000000,00	 0000000000000,00	 0000000000000,00
113000304	 0000000000000,00	 0000000000000,00	 0000000000000,00	 0000000000000,00
113000400	 0000000000000,00	 0000000000000,00	 0000000000000,00	 0000000000000,00
115000000	 0000186722166,00	 0000000000000,00	 0000000000000,00	 0000000000000,00
115250000	 0000186722166,00	 0000000000000,00	 0000000000000,00	 0000000000000,00
115250100	 0000000000000,00	 0000000000000,00	 0000000000000,00	 0000000000000,00
115250101	 0000000000000,00	 0000000000000,00	 0000000000000,00	 0000000000000,00
115250102	 0000000000000,00	 0000000000000,00	 0000000000000,00	 0000000000000,00
115250109	 0000000000000,00	 0000000000000,00	 0000000000000,00	 0000000000000,00
115250200	 0000000000000,00	 0000000000000,00	 0000000000000,00	 0000000000000,00
115250201	 0000000000000,00	 0000000000000,00	 0000000000000,00	 0000000000000,00
115250202	 0000000000000,00	 0000000000000,00	 0000000000000,00	 0000000000000,00
115250209	 0000000000000,00	 0000000000000,00	 0000000000000,00	 0000000000000,00
115250300	 0000186722166,00	 0000000000000,00	 0000000000000,00	 0000000000000,00
115250301	 0000000000000,00	 0000000000000,00	 0000000000000,00	 0000000000000,00
115250302	 0000000000000,00	 0000000000000,00	 0000000000000,00	 0000000000000,00
115250303	 0000186722166,00	 0000000000000,00	 0000000000000,00	 0000000000000,00
115250304	 0000000000000,00	 0000000000000,00	 0000000000000,00	 0000000000000,00
115250309	 0000000000000,00	 0000000000000,00	 0000000000000,00	 0000000000000,00
115500000	 0000000000000,00	 0000000000000,00	 0000000000000,00	 0000000000000,00
115500100	 0000000000000,00	 0000000000000,00	 0000000000000,00	 0000000000000,00
115500101	 0000000000000,00	 0000000000000,00	 0000000000000,00	 0000000000000,00
115500102	 0000000000000,00	 0000000000000,00	 0000000000000,00	 0000000000000,00
115500300	 0000000000000,00	 0000000000000,00	 0000000000000,00	 0000000000000,00
115500301	 0000000000000,00	 0000000000000,00	 0000000000000,00	 0000000000000,00
115500302	 0000000000000,00	 0000000000000,00	 0000000000000,00	 0000000000000,00
115500303	 0000000000000,00	 0000000000000,00	 0000000000000,00	 0000000000000,00
115500304	 0000000000000,00	 0000000000000,00	 0000000000000,00	 0000000000000,00
115500400	 0000000000000,00	 0000000000000,00	 0000000000000,00	 0000000000000,00
118000000	 0000000000000,00	 0000000000000,00	 0000000000000,00	 0000000000000,00
118250000	 0000000000000,00	 0000000000000,00	 0000000000000,00	 0000000000000,00
118250100	 0000000000000,00	 0000000000000,00	 0000000000000,00	 0000000000000,00
118250101	 0000000000000,00	 0000000000000,00	 0000000000000,00	 0000000000000,00
118250102	 0000000000000,00	 0000000000000,00	 0000000000000,00	 0000000000000,00
118250109	 0000000000000,00	 0000000000000,00	 0000000000000,00	 0000000000000,00
118250200	 0000000000000,00	 0000000000000,00	 0000000000000,00	 0000000000000,00
118250201	 0000000000000,00	 0000000000000,00	 0000000000000,00	 0000000000000,00
118250202	 0000000000000,00	 0000000000000,00	 0000000000000,00	 0000000000000,00
118250209	 0000000000000,00	 0000000000000,00	 0000000000000,00	 0000000000000,00
118250300	 0000000000000,00	 0000000000000,00	 0000000000000,00	 0000000000000,00
118250301	 0000000000000,00	 0000000000000,00	 0000000000000,00	 0000000000000,00
118250302	 0000000000000,00	 0000000000000,00	 0000000000000,00	 0000000000000,00
118250303	 0000000000000,00	 0000000000000,00	 0000000000000,00	 0000000000000,00
118250304	 0000000000000,00	 0000000000000,00	 0000000000000,00	 0000000000000,00
118250309	 0000000000000,00	 0000000000000,00	 0000000000000,00	 0000000000000,00
118500000	 0000000000000,00	 0000000000000,00	 0000000000000,00	 0000000000000,00
118500300	 0000000000000,00	 0000000000000,00	 0000000000000,00	 0000000000000,00
118500301	 0000000000000,00	 0000000000000,00	 0000000000000,00	 0000000000000,00
118500302	 0000000000000,00	 0000000000000,00	 0000000000000,00	 0000000000000,00
118500303	 0000000000000,00	 0000000000000,00	 0000000000000,00	 0000000000000,00
118500304	 0000000000000,00	 0000000000000,00	 0000000000000,00	 0000000000000,00
118500400	 0000000000000,00	 0000000000000,00	 0000000000000,00	 0000000000000,00
120000000	 0471200257075,00	 0079510579992,00	 0000000000000,00	 0000000000000,00
122000000	 0471200257075,00	 0079510579992,00	 0000000000000,00	 0000000000000,00
122000100	 0471200257075,00	 0074501010065,00	 0000000000000,00	 0000000000000,00
122000101	 0402799073093,00	 0000000000000,00	 0000000000000,00	 0000000000000,00
122000102	 0068401183982,00	 0074501010065,00	 0000000000000,00	 0000000000000,00
122000109	 0000000000000,00	 0000000000000,00	 0000000000000,00	 0000000000000,00
122000200	 0000000000000,00	 0005009569927,00	 0000000000000,00	 0000000000000,00
122000201	 0000000000000,00	 0000000000000,00	 0000000000000,00	 0000000000000,00
122000202	 0000000000000,00	 0005009569927,00	 0000000000000,00	 0000000000000,00
122000209	 0000000000000,00	 0000000000000,00	 0000000000000,00	 0000000000000,00
122000300	 0000000000000,00	 0000000000000,00	 0000000000000,00	 0000000000000,00
122000301	 0000000000000,00	 0000000000000,00	 0000000000000,00	 0000000000000,00
122000302	 0000000000000,00	 0000000000000,00	 0000000000000,00	 0000000000000,00
122000303	 0000000000000,00	 0000000000000,00	 0000000000000,00	 0000000000000,00
122000304	 0000000000000,00	 0000000000000,00	 0000000000000,00	 0000000000000,00
122000309	 0000000000000,00	 0000000000000,00	 0000000000000,00	 0000000000000,00
123000000	 0000000000000,00	 0000000000000,00	 0000000000000,00	 0000000000000,00
123000300	 0000000000000,00	 0000000000000,00	 0000000000000,00	 0000000000000,00
123000301	 0000000000000,00	 0000000000000,00	 0000000000000,00	 0000000000000,00
123000302	 0000000000000,00	 0000000000000,00	 0000000000000,00	 0000000000000,00
123000303	 0000000000000,00	 0000000000000,00	 0000000000000,00	 0000000000000,00
123000304	 0000000000000,00	 0000000000000,00	 0000000000000,00	 0000000000000,00
123000400	 0000000000000,00	 0000000000000,00	 0000000000000,00	 0000000000000,00
130000000	 0027286375677,00	 0000000000000,00	 0000000000000,00	 0000000000000,00
130000100	 0027286375677,00	 0000000000000,00	 0000000000000,00	 0000000000000,00
130000101	 0000000000000,00	 0000000000000,00	 0000000000000,00	 0000000000000,00
130000102	 0027286375677,00	 0000000000000,00	 0000000000000,00	 0000000000000,00
130000103	 0000000000000,00	 0000000000000,00	 0000000000000,00	 0000000000000,00
130000104	 0000000000000,00	 0000000000000,00	 0000000000000,00	 0000000000000,00
130000105	 0000000000000,00	 0000000000000,00	 0000000000000,00	 0000000000000,00
130000190	 0000000000000,00	 0000000000000,00	 0000000000000,00	 0000000000000,00
140000000	 0926603431499,00	 1663147738927,00	 0000000000000,00	 0225375179065,00
141000000	 0000000000000,00	 0000000000000,00	 0000000000000,00	 0000000000000,00
141000100	 0000000000000,00	 0000000000000,00	 0000000000000,00	 0000000000000,00
141000101	 0000000000000,00	 0000000000000,00	 0000000000000,00	 0000000000000,00
141000102	 0000000000000,00	 0000000000000,00	 0000000000000,00	 0000000000000,00
141000103	 0000000000000,00	 0000000000000,00	 0000000000000,00	 0000000000000,00
141000200	 0000000000000,00	 0000000000000,00	 0000000000000,00	 0000000000000,00
141000201	 0000000000000,00	 0000000000000,00	 0000000000000,00	 0000000000000,00
141000202	 0000000000000,00	 0000000000000,00	 0000000000000,00	 0000000000000,00
141000203	 0000000000000,00	 0000000000000,00	 0000000000000,00	 0000000000000,00
141000300	 0000000000000,00	 0000000000000,00	 0000000000000,00	 0000000000000,00
141000301	 0000000000000,00	 0000000000000,00	 0000000000000,00	 0000000000000,00
141000302	 0000000000000,00	 0000000000000,00	 0000000000000,00	 0000000000000,00
141000400	 0000000000000,00	 0000000000000,00	 0000000000000,00	 0000000000000,00
141000401	 0000000000000,00	 0000000000000,00	 0000000000000,00	 0000000000000,00
141000402	 0000000000000,00	 0000000000000,00	 0000000000000,00	 0000000000000,00
141000900	 0000000000000,00	 0000000000000,00	 0000000000000,00	 0000000000000,00
141000901	 0000000000000,00	 0000000000000,00	 0000000000000,00	 0000000000000,00
141000902	 0000000000000,00	 0000000000000,00	 0000000000000,00	 0000000000000,00
141000903	 0000000000000,00	 0000000000000,00	 0000000000000,00	 0000000000000,00
141500000	 0000000000000,00	 0000000000000,00	 0000000000000,00	 0000000000000,00
141500100	 0000000000000,00	 0000000000000,00	 0000000000000,00	 0000000000000,00
141500101	 0000000000000,00	 0000000000000,00	 0000000000000,00	 0000000000000,00
141500102	 0000000000000,00	 0000000000000,00	 0000000000000,00	 0000000000000,00
141500109	 0000000000000,00	 0000000000000,00	 0000000000000,00	 0000000000000,00
141500200	 0000000000000,00	 0000000000000,00	 0000000000000,00	 0000000000000,00
141500201	 0000000000000,00	 0000000000000,00	 0000000000000,00	 0000000000000,00
141500202	 0000000000000,00	 0000000000000,00	 0000000000000,00	 0000000000000,00
141500209	 0000000000000,00	 0000000000000,00	 0000000000000,00	 0000000000000,00
141500300	 0000000000000,00	 0000000000000,00	 0000000000000,00	 0000000000000,00
141500301	 0000000000000,00	 0000000000000,00	 0000000000000,00	 0000000000000,00
141500302	 0000000000000,00	 0000000000000,00	 0000000000000,00	 0000000000000,00
141500303	 0000000000000,00	 0000000000000,00	 0000000000000,00	 0000000000000,00
141500304	 0000000000000,00	 0000000000000,00	 0000000000000,00	 0000000000000,00
141500309	 0000000000000,00	 0000000000000,00	 0000000000000,00	 0000000000000,00
141500900	 0000000000000,00	 0000000000000,00	 0000000000000,00	 0000000000000,00
141500901	 0000000000000,00	 0000000000000,00	 0000000000000,00	 0000000000000,00
141500902	 0000000000000,00	 0000000000000,00	 0000000000000,00	 0000000000000,00
141500903	 0000000000000,00	 0000000000000,00	 0000000000000,00	 0000000000000,00
143000000	 0000000000000,00	 0000000000000,00	 0000000000000,00	 0000000000000,00
143100100	 0000000000000,00	 0000000000000,00	 0000000000000,00	 0000000000000,00
143100101	 0000000000000,00	 0000000000000,00	 0000000000000,00	 0000000000000,00
143100102	 0000000000000,00	 0000000000000,00	 0000000000000,00	 0000000000000,00
143100103	 0000000000000,00	 0000000000000,00	 0000000000000,00	 0000000000000,00
143100104	 0000000000000,00	 0000000000000,00	 0000000000000,00	 0000000000000,00
143100105	 0000000000000,00	 0000000000000,00	 0000000000000,00	 0000000000000,00
143100106	 0000000000000,00	 0000000000000,00	 0000000000000,00	 0000000000000,00
143100107	 0000000000000,00	 0000000000000,00	 0000000000000,00	 0000000000000,00
143100190	 0000000000000,00	 0000000000000,00	 0000000000000,00	 0000000000000,00
143150100	 0000000000000,00	 0000000000000,00	 0000000000000,00	 0000000000000,00
143150101	 0000000000000,00	 0000000000000,00	 0000000000000,00	 0000000000000,00
143150102	 0000000000000,00	 0000000000000,00	 0000000000000,00	 0000000000000,00
143150103	 0000000000000,00	 0000000000000,00	 0000000000000,00	 0000000000000,00
143200100	 0000000000000,00	 0000000000000,00	 0000000000000,00	 0000000000000,00
143200101	 0000000000000,00	 0000000000000,00	 0000000000000,00	 0000000000000,00
143200102	 0000000000000,00	 0000000000000,00	 0000000000000,00	 0000000000000,00
143200103	 0000000000000,00	 0000000000000,00	 0000000000000,00	 0000000000000,00
143200104	 0000000000000,00	 0000000000000,00	 0000000000000,00	 0000000000000,00
143200105	 0000000000000,00	 0000000000000,00	 0000000000000,00	 0000000000000,00
143200106	 0000000000000,00	 0000000000000,00	 0000000000000,00	 0000000000000,00
143200107	 0000000000000,00	 0000000000000,00	 0000000000000,00	 0000000000000,00
143200108	 0000000000000,00	 0000000000000,00	 0000000000000,00	 0000000000000,00
143200190	 0000000000000,00	 0000000000000,00	 0000000000000,00	 0000000000000,00
143250100	 0000000000000,00	 0000000000000,00	 0000000000000,00	 0000000000000,00
143250101	 0000000000000,00	 0000000000000,00	 0000000000000,00	 0000000000000,00
143250102	 0000000000000,00	 0000000000000,00	 0000000000000,00	 0000000000000,00
143250103	 0000000000000,00	 0000000000000,00	 0000000000000,00	 0000000000000,00
143300100	 0000000000000,00	 0000000000000,00	 0000000000000,00	 0000000000000,00
143300101	 0000000000000,00	 0000000000000,00	 0000000000000,00	 0000000000000,00
143300102	 0000000000000,00	 0000000000000,00	 0000000000000,00	 0000000000000,00
143300103	 0000000000000,00	 0000000000000,00	 0000000000000,00	 0000000000000,00
143400100	 0000000000000,00	 0000000000000,00	 0000000000000,00	 0000000000000,00
143400101	 0000000000000,00	 0000000000000,00	 0000000000000,00	 0000000000000,00
143400102	 0000000000000,00	 0000000000000,00	 0000000000000,00	 0000000000000,00
143400103	 0000000000000,00	 0000000000000,00	 0000000000000,00	 0000000000000,00
144000000	 0926603431499,00	 1663147738927,00	 0000000000000,00	 0225375179065,00
145000000	 0950212518143,00	 1586470520988,00	 0000000000000,00	 0225305291004,00
145400100	 0821355084019,00	 1220583978449,00	 0000000000000,00	 0123906869857,00
145400101	 0821355084019,00	 1028490371834,00	 0000000000000,00	 0123906869857,00
145400102	 0000000000000,00	 0000000000000,00	 0000000000000,00	 0000000000000,00
145400103	 0000000000000,00	 0189503291500,00	 0000000000000,00	 0000000000000,00
145400104	 0000000000000,00	 0000976996650,00	 0000000000000,00	 0000000000000,00
145400105	 0000000000000,00	 0001613318465,00	 0000000000000,00	 0000000000000,00
145400106	 0000000000000,00	 0000000000000,00	 0000000000000,00	 0000000000000,00
145400200	 0003032099537,00	 0000000000000,00	 0000000000000,00	 0099742768335,00
145400201	 0000000000000,00	 0000000000000,00	 0000000000000,00	 0000000000000,00
145400202	 0001752992503,00	 0000000000000,00	 0000000000000,00	 0036693680150,00
145400203	 0000000000000,00	 0000000000000,00	 0000000000000,00	 0000587438376,00
145400204	 0001279107034,00	 0000000000000,00	 0000000000000,00	 0062461649809,00
145400205	 0000000000000,00	 0000000000000,00	 0000000000000,00	 0000000000000,00
145400290	 0000000000000,00	 0000000000000,00	 0000000000000,00	 0000000000000,00
145400300	 0019507693450,00	 0000000000000,00	 0000000000000,00	 0000000000000,00
145400400	 0001776180527,00	 0000000000000,00	 0000000000000,00	 0000080252427,00
145400401	 0000990503478,00	 0000000000000,00	 0000000000000,00	 0000000000000,00
145400402	 0000785677049,00	 0000000000000,00	 0000000000000,00	 0000080252427,00
145400500	 0030768164102,00	 0000000000000,00	 0000000000000,00	 0001575400385,00
145400501	 0030768164102,00	 0000000000000,00	 0000000000000,00	 0001575400385,00
145400502	 0000000000000,00	 0000000000000,00	 0000000000000,00	 0000000000000,00
145400600	 0073415381632,00	 0121932667997,00	 0000000000000,00	 0000000000000,00
145400601	 0016862455937,00	 0092898427456,00	 0000000000000,00	 0000000000000,00
145400602	 0056552925695,00	 0029034240541,00	 0000000000000,00	 0000000000000,00
145400700	 0000000000000,00	 0243350021677,00	 0000000000000,00	 0000000000000,00
145400701	 0000000000000,00	 0242428806926,00	 0000000000000,00	 0000000000000,00
145400702	 0000000000000,00	 0000921214751,00	 0000000000000,00	 0000000000000,00
145400703	 0000000000000,00	 0000000000000,00	 0000000000000,00	 0000000000000,00
145400900	 0000357914876,00	 0000603852865,00	 0000000000000,00	 0000000000000,00
145400901	 0000000000000,00	 0000000000000,00	 0000000000000,00	 0000000000000,00
145400902	 0000242926412,00	 0000603852865,00	 0000000000000,00	 0000000000000,00
145400990	 0000114988464,00	 0000000000000,00	 0000000000000,00	 0000000000000,00
146000000	 0000000000000,00	 0076675303017,00	 0000000000000,00	 0000000000000,00
146000100	 0000000000000,00	 0007444370793,00	 0000000000000,00	 0000000000000,00
146000200	 0000000000000,00	 0007904872891,00	 0000000000000,00	 0000000000000,00
146000300	 0000000000000,00	 0000000000000,00	 0000000000000,00	 0000000000000,00
146000400	 0000000000000,00	 0061326059333,00	 0000000000000,00	 0000000000000,00
146000401	 0000000000000,00	 0061326059333,00	 0000000000000,00	 0000000000000,00
146000402	 0000000000000,00	 0000000000000,00	 0000000000000,00	 0000000000000,00
146000500	 0000000000000,00	 0000000000000,00	 0000000000000,00	 0000000000000,00
146000900	 0000000000000,00	 0000000000000,00	 0000000000000,00	 0000000000000,00
146000901	 0000000000000,00	 0000000000000,00	 0000000000000,00	 0000000000000,00
146000902	 0000000000000,00	 0000000000000,00	 0000000000000,00	 0000000000000,00
146000903	 0000000000000,00	 0000000000000,00	 0000000000000,00	 0000000000000,00
146000909	 0000000000000,00	 0000000000000,00	 0000000000000,00	 0000000000000,00
148000000	 0029015705239,00	 0000001914922,00	 0000000000000,00	 0000069888061,00
148000100	 0025653518434,00	 0000001914922,00	 0000000000000,00	 0000000000000,00
148000200	 0001274406307,00	 0000000000000,00	 0000000000000,00	 0000000000000,00
148000300	 0002087780498,00	 0000000000000,00	 0000000000000,00	 0000069888061,00
148000301	 0001405008829,00	 0000000000000,00	 0000000000000,00	 0000000000000,00
148000302	 0000682771669,00	 0000000000000,00	 0000000000000,00	 0000069888061,00
148000400	 0000000000000,00	 0000000000000,00	 0000000000000,00	 0000000000000,00
148000900	 0000000000000,00	 0000000000000,00	 0000000000000,00	 0000000000000,00
148000901	 0000000000000,00	 0000000000000,00	 0000000000000,00	 0000000000000,00
148000902	 0000000000000,00	 0000000000000,00	 0000000000000,00	 0000000000000,00
149000000	-0052624791883,00	 0000000000000,00	 0000000000000,00	 0000000000000,00
149500100	-0050984386359,00	 0000000000000,00	 0000000000000,00	 0000000000000,00
149500101	-0016151105269,00	 0000000000000,00	 0000000000000,00	 0000000000000,00
149500102	-0011597080471,00	 0000000000000,00	 0000000000000,00	 0000000000000,00
149500103	-0015438567280,00	 0000000000000,00	 0000000000000,00	 0000000000000,00
149500104	-0004834252012,00	 0000000000000,00	 0000000000000,00	 0000000000000,00
149500105	-0000931199988,00	 0000000000000,00	 0000000000000,00	 0000000000000,00
149500109	-0002032181339,00	 0000000000000,00	 0000000000000,00	 0000000000000,00
149600100	-0000146648614,00	 0000000000000,00	 0000000000000,00	 0000000000000,00
149600101	-0000114977090,00	 0000000000000,00	 0000000000000,00	 0000000000000,00
149600102	-0000031671524,00	 0000000000000,00	 0000000000000,00	 0000000000000,00
149700100	-0001493756910,00	 0000000000000,00	 0000000000000,00	 0000000000000,00
149700101	-0001360453412,00	 0000000000000,00	 0000000000000,00	 0000000000000,00
149700102	-0000133303498,00	 0000000000000,00	 0000000000000,00	 0000000000000,00
150000000	 0000228043698,00	 0000000000000,00	 0000000000000,00	 0000000000000,00
150000100	 0000000000000,00	 0000000000000,00	 0000000000000,00	 0000000000000,00
150000200	 0000000000000,00	 0000000000000,00	 0000000000000,00	 0000000000000,00
150000201	 0000000000000,00	 0000000000000,00	 0000000000000,00	 0000000000000,00
150000202	 0000000000000,00	 0000000000000,00	 0000000000000,00	 0000000000000,00
150000300	 0000000000000,00	 0000000000000,00	 0000000000000,00	 0000000000000,00
150000400	 0000000000000,00	 0000000000000,00	 0000000000000,00	 0000000000000,00
150000500	 0000000000000,00	 0000000000000,00	 0000000000000,00	 0000000000000,00
150000600	 0000000000000,00	 0000000000000,00	 0000000000000,00	 0000000000000,00
150000700	 0000228043698,00	 0000000000000,00	 0000000000000,00	 0000000000000,00
150000800	 0000000000000,00	 0000000000000,00	 0000000000000,00	 0000000000000,00
160000000	 0013359541104,00	 0000000000000,00	 0000000000000,00	 0000000000000,00
160000100	 0000624867330,00	 0000000000000,00	 0000000000000,00	 0000000000000,00
160000200	 0000000000000,00	 0000000000000,00	 0000000000000,00	 0000000000000,00
160000201	 0000000000000,00	 0000000000000,00	 0000000000000,00	 0000000000000,00
160000202	 0000000000000,00	 0000000000000,00	 0000000000000,00	 0000000000000,00
160000203	 0000000000000,00	 0000000000000,00	 0000000000000,00	 0000000000000,00
160000204	 0000000000000,00	 0000000000000,00	 0000000000000,00	 0000000000000,00
160000205	 0000000000000,00	 0000000000000,00	 0000000000000,00	 0000000000000,00
160000206	 0000000000000,00	 0000000000000,00	 0000000000000,00	 0000000000000,00
160000207	 0000000000000,00	 0000000000000,00	 0000000000000,00	 0000000000000,00
160000208	 0000000000000,00	 0000000000000,00	 0000000000000,00	 0000000000000,00
160000209	 0000000000000,00	 0000000000000,00	 0000000000000,00	 0000000000000,00
160000219	 0000000000000,00	 0000000000000,00	 0000000000000,00	 0000000000000,00
160000300	 0012734673774,00	 0000000000000,00	 0000000000000,00	 0000000000000,00
160000301	 0013121093951,00	 0000000000000,00	 0000000000000,00	 0000000000000,00
160000302	 0000000000000,00	 0000000000000,00	 0000000000000,00	 0000000000000,00
160000303	 0000000000000,00	 0000000000000,00	 0000000000000,00	 0000000000000,00
160000309	 0000102106849,00	 0000000000000,00	 0000000000000,00	 0000000000000,00
160000319	-0000488527026,00	 0000000000000,00	 0000000000000,00	 0000000000000,00
170000000	 0002127734514,00	 0000000000000,00	 0000000000000,00	 0000000000000,00
170000100	 0000031738797,00	 0000000000000,00	 0000000000000,00	 0000000000000,00
170000101	 0000033396273,00	 0000000000000,00	 0000000000000,00	 0000000000000,00
170000102	 0000000000000,00	 0000000000000,00	 0000000000000,00	 0000000000000,00
170000119	-0000001657476,00	 0000000000000,00	 0000000000000,00	 0000000000000,00
170000200	 0002095995717,00	 0000000000000,00	 0000000000000,00	 0000000000000,00
170000201	 0004104700872,00	 0000000000000,00	 0000000000000,00	 0000000000000,00
170000209	 0003855244806,00	 0000000000000,00	 0000000000000,00	 0000000000000,00
170000219	-0005863949961,00	 0000000000000,00	 0000000000000,00	 0000000000000,00
175000000	 0022279465394,00	 0000000000000,00	 0000000000000,00	 0000000000000,00
175000100	 0016341704764,00	 0000000000000,00	 0000000000000,00	 0000000000000,00
175000101	 0026216819049,00	 0000000000000,00	 0000000000000,00	 0000000000000,00
175000102	 0000000000000,00	 0000000000000,00	 0000000000000,00	 0000000000000,00
175000119	-0009875114285,00	 0000000000000,00	 0000000000000,00	 0000000000000,00
175000200	 0005937760630,00	 0000000000000,00	 0000000000000,00	 0000000000000,00
175000201	 0010200223002,00	 0000000000000,00	 0000000000000,00	 0000000000000,00
175000219	-0004262462372,00	 0000000000000,00	 0000000000000,00	 0000000000000,00
175000300	 0000000000000,00	 0000000000000,00	 0000000000000,00	 0000000000000,00
175000301	 0000000000000,00	 0000000000000,00	 0000000000000,00	 0000000000000,00
175000309	 0000000000000,00	 0000000000000,00	 0000000000000,00	 0000000000000,00
175000319	 0000000000000,00	 0000000000000,00	 0000000000000,00	 0000000000000,00
175000400	 0000000000000,00	 0000000000000,00	 0000000000000,00	 0000000000000,00
175000401	 0000000000000,00	 0000000000000,00	 0000000000000,00	 0000000000000,00
175000409	 0000000000000,00	 0000000000000,00	 0000000000000,00	 0000000000000,00
175000419	 0000000000000,00	 0000000000000,00	 0000000000000,00	 0000000000000,00
180000000	 0022739323195,00	 0000000000000,00	 0000000000000,00	 0000000000000,00
185000000	 0035237975549,00	 0000000000000,00	 0000000000000,00	 0000000000000,00
190000000	 0041599510185,00	 0000242579286,00	 0000000000000,00	 0072317091322,00
190000100	 0000000000000,00	 0000072080713,00	 0000000000000,00	 0000000000000,00
190000101	 0000000000000,00	 0000072080713,00	 0000000000000,00	 0000000000000,00
190000102	 0000000000000,00	 0000000000000,00	 0000000000000,00	 0000000000000,00
190000103	 0000000000000,00	 0000000000000,00	 0000000000000,00	 0000000000000,00
190000200	 0015322340231,00	 0000000000000,00	 0000000000000,00	 0000000000000,00
190000201	 0015322340231,00	 0000000000000,00	 0000000000000,00	 0000000000000,00
190000202	 0000000000000,00	 0000000000000,00	 0000000000000,00	 0000000000000,00
190000203	 0000000000000,00	 0000000000000,00	 0000000000000,00	 0000000000000,00
190000204	 0000000000000,00	 0000000000000,00	 0000000000000,00	 0000000000000,00
190000300	 0000000000000,00	 0000000000000,00	 0000000000000,00	 0000000000000,00
190000301	 0000000000000,00	 0000000000000,00	 0000000000000,00	 0000000000000,00
190000302	 0000000000000,00	 0000000000000,00	 0000000000000,00	 0000000000000,00
190000303	 0000000000000,00	 0000000000000,00	 0000000000000,00	 0000000000000,00
190000400	 0000000000000,00	 0000000000000,00	 0000000000000,00	 0000000000000,00
190000401	 0000000000000,00	 0000000000000,00	 0000000000000,00	 0000000000000,00
190000402	 0000000000000,00	 0000000000000,00	 0000000000000,00	 0000000000000,00
190000500	 0015984835733,00	 0000170498573,00	 0000000000000,00	 0000225741561,00
190000501	 0000000000000,00	 0000000000000,00	 0000000000000,00	 0000000000000,00
190000502	 0000000000000,00	 0000000000000,00	 0000000000000,00	 0000000000000,00
190000503	 0000652660429,00	 0000000000000,00	 0000000000000,00	 0000000000000,00
190000504	 0009058846340,00	 0000000000000,00	 0000000000000,00	 0000000000000,00
190000505	 0005631695186,00	 0000006878370,00	 0000000000000,00	 0000000000000,00
190000509	 0000641633778,00	 0000163620203,00	 0000000000000,00	 0000225741561,00
190000600	 0000029424541,00	 0000000000000,00	 0000000000000,00	 0000000000000,00
190000700	 0000000000000,00	 0000000000000,00	 0000000000000,00	 0000000000000,00
190000701	 0000000000000,00	 0000000000000,00	 0000000000000,00	 0000000000000,00
190000702	 0000000000000,00	 0000000000000,00	 0000000000000,00	 0000000000000,00
190000800	 0002355554829,00	 0000000000000,00	 0000000000000,00	 0000000000000,00
190000900	 0000041283978,00	 0000000000000,00	 0000000000000,00	 0000000000000,00
190001000	 0000000000000,00	 0000000000000,00	 0000000000000,00	 0000000000000,00
190001100	 0000000000000,00	 0000000000000,00	 0000000000000,00	 0000000000000,00
190001200	 0000000000000,00	 0000000000000,00	 0000000000000,00	 0000000000000,00
190001300	 0000000000000,00	 0000000000000,00	 0000000000000,00	 0000000000000,00
190001400	 0000000000000,00	 0000000000000,00	 0000000000000,00	 0000000000000,00
190001500	 0000084037583,00	 0000000000000,00	 0000000000000,00	 0000000000000,00
190002900	 0007782033290,00	 0000000000000,00	 0000000000000,00	 0072091349761,00
192500100	 0000000000000,00	 0000000000000,00	 0000000000000,00	 0000000000000,00
192500101	 0000000000000,00	 0000000000000,00	 0000000000000,00	 0000000000000,00
192500102	 0000000000000,00	 0000000000000,00	 0000000000000,00	 0000000000000,00
192500103	 0000000000000,00	 0000000000000,00	 0000000000000,00	 0000000000000,00
195000000	 0014116522706,00	 0000000000000,00	 0000000000000,00	 0000000000000,00
195000100	 0000830195111,00	 0000000000000,00	 0000000000000,00	 0000000000000,00
195000101	 0000000000000,00	 0000000000000,00	 0000000000000,00	 0000000000000,00
195000102	 0000835006280,00	 0000000000000,00	 0000000000000,00	 0000000000000,00
195000103	-0000004811169,00	 0000000000000,00	 0000000000000,00	 0000000000000,00
195000200	 0013286327595,00	 0000000000000,00	 0000000000000,00	 0000000000000,00
195000201	 0000000000000,00	 0000000000000,00	 0000000000000,00	 0000000000000,00
195000202	 0000000000000,00	 0000000000000,00	 0000000000000,00	 0000000000000,00
195000203	 0000000000000,00	 0000000000000,00	 0000000000000,00	 0000000000000,00
195000204	 0013286327595,00	 0000000000000,00	 0000000000000,00	 0000000000000,00
195000219	 0000000000000,00	 0000000000000,00	 0000000000000,00	 0000000000000,00
195000300	 0000000000000,00	 0000000000000,00	 0000000000000,00	 0000000000000,00
200000000	 2112891822473,00	 1454485309328,00	 0000000000000,00	 0492709314797,00
207000000	 0017139861094,00	 0000000000000,00	 0000000000000,00	 0024405915256,00
207000100	 0000000000000,00	 0000000000000,00	 0000000000000,00	 0000000000000,00
207000101	 0000000000000,00	 0000000000000,00	 0000000000000,00	 0000000000000,00
207000102	 0000000000000,00	 0000000000000,00	 0000000000000,00	 0000000000000,00
207000200	 0000000000000,00	 0000000000000,00	 0000000000000,00	 0000000000000,00
207000300	 0017139861094,00	 0000000000000,00	 0000000000000,00	 0024405915256,00
207000301	 0007293559038,00	 0000000000000,00	 0000000000000,00	 0000000000000,00
207000309	 0000000000000,00	 0000000000000,00	 0000000000000,00	 0009952830370,00
207000311	 0001961639898,00	 0000000000000,00	 0000000000000,00	 0000000000000,00
207000319	 0007884662158,00	 0000000000000,00	 0000000000000,00	 0014453084886,00
210000000	 0274689241540,00	 0146464722110,00	 0000000000000,00	 0000000000000,00
211000100	 0274689241540,00	 0146464722110,00	 0000000000000,00	 0000000000000,00
211000101	 0043016035971,00	 0000000000000,00	 0000000000000,00	 0000000000000,00
211000102	 0231673205569,00	 0146464722110,00	 0000000000000,00	 0000000000000,00
211000103	 0000000000000,00	 0000000000000,00	 0000000000000,00	 0000000000000,00
211000104	 0000000000000,00	 0000000000000,00	 0000000000000,00	 0000000000000,00
211000105	 0000000000000,00	 0000000000000,00	 0000000000000,00	 0000000000000,00
211000190	 0000000000000,00	 0000000000000,00	 0000000000000,00	 0000000000000,00
213000100	 0000000000000,00	 0000000000000,00	 0000000000000,00	 0000000000000,00
213000101	 0000000000000,00	 0000000000000,00	 0000000000000,00	 0000000000000,00
213000102	 0000000000000,00	 0000000000000,00	 0000000000000,00	 0000000000000,00
213000103	 0000000000000,00	 0000000000000,00	 0000000000000,00	 0000000000000,00
213000109	 0000000000000,00	 0000000000000,00	 0000000000000,00	 0000000000000,00
218000000	 0000000000000,00	 0000000000000,00	 0000000000000,00	 0000000000000,00
218000001	 0000000000000,00	 0000000000000,00	 0000000000000,00	 0000000000000,00
218000002	 0000000000000,00	 0000000000000,00	 0000000000000,00	 0000000000000,00
218000003	 0000000000000,00	 0000000000000,00	 0000000000000,00	 0000000000000,00
218000009	 0000000000000,00	 0000000000000,00	 0000000000000,00	 0000000000000,00
230000000	 0044593061850,00	 0000000000000,00	 0000000000000,00	 0000000000000,00
230000100	 0044593061850,00	 0000000000000,00	 0000000000000,00	 0000000000000,00
230000101	 0000000000000,00	 0000000000000,00	 0000000000000,00	 0000000000000,00
230000102	 0044593061850,00	 0000000000000,00	 0000000000000,00	 0000000000000,00
230000103	 0000000000000,00	 0000000000000,00	 0000000000000,00	 0000000000000,00
230000104	 0000000000000,00	 0000000000000,00	 0000000000000,00	 0000000000000,00
230000105	 0000000000000,00	 0000000000000,00	 0000000000000,00	 0000000000000,00
230000190	 0000000000000,00	 0000000000000,00	 0000000000000,00	 0000000000000,00
240000000	 1694563966096,00	 1136616907284,00	 0000000000000,00	 0436710201600,00
241000000	 0142961428322,00	 0008532699247,00	 0000000000000,00	 0027148665875,00
241000100	 0111563829523,00	 0000000000000,00	 0000000000000,00	 0025956928259,00
241000101	 0000206572116,00	 0000000000000,00	 0000000000000,00	 0000000000000,00
241000102	 0000000000000,00	 0000000000000,00	 0000000000000,00	 0000000000000,00
241000103	 0103887715948,00	 0000000000000,00	 0000000000000,00	 0025172659572,00
241000104	 0007469541459,00	 0000000000000,00	 0000000000000,00	 0000784268687,00
241000200	 0000214671157,00	 0000000000000,00	 0000000000000,00	 0000000000000,00
241000201	 0000000000000,00	 0000000000000,00	 0000000000000,00	 0000000000000,00
241000202	 0000214671157,00	 0000000000000,00	 0000000000000,00	 0000000000000,00
241000300	 0007817425998,00	 0000000000000,00	 0000000000000,00	 0000000000000,00
241000301	 0007817425998,00	 0000000000000,00	 0000000000000,00	 0000000000000,00
241000400	 0000000000000,00	 0000000000000,00	 0000000000000,00	 0000000000000,00
241000401	 0000000000000,00	 0000000000000,00	 0000000000000,00	 0000000000000,00
241000402	 0000000000000,00	 0000000000000,00	 0000000000000,00	 0000000000000,00
241000500	 0023365501644,00	 0008532699247,00	 0000000000000,00	 0001191737616,00
241000501	 0000042237777,00	 0000000000000,00	 0000000000000,00	 0000000000000,00
241000502	 0000000000000,00	 0000000000000,00	 0000000000000,00	 0000000000000,00
241000503	 0000000000000,00	 0000000000000,00	 0000000000000,00	 0000000000000,00
241000504	 0000216077334,00	 0000000000000,00	 0000000000000,00	 0000000000000,00
241000505	 0000690373658,00	 0008363306102,00	 0000000000000,00	 0000126875902,00
241000506	 0005607798521,00	 0000000000000,00	 0000000000000,00	 0000000000000,00
241000507	 0000000000000,00	 0000000000000,00	 0000000000000,00	 0000658667503,00
241000508	 0000000000000,00	 0000000000000,00	 0000000000000,00	 0000000000000,00
241000509	 0007595997815,00	 0000000000000,00	 0000000000000,00	 0000069790521,00
241000510	 0000730034744,00	 0000000000000,00	 0000000000000,00	 0000000000000,00
241000511	 0000111087764,00	 0000169393145,00	 0000000000000,00	 0000239868961,00
241000512	 0000000000000,00	 0000000000000,00	 0000000000000,00	 0000000000000,00
241000513	 0000000000000,00	 0000000000000,00	 0000000000000,00	 0000000000000,00
241000590	 0008371894031,00	 0000000000000,00	 0000000000000,00	 0000096534729,00
242000000	 1179465009617,00	 0372796406861,00	 0000000000000,00	 0172623224856,00
242000100	 1179375981807,00	 0372345864814,00	 0000000000000,00	 0172623224856,00
242000200	 0000000000000,00	 0000136916982,00	 0000000000000,00	 0000000000000,00
242000201	 0000000000000,00	 0000008525702,00	 0000000000000,00	 0000000000000,00
242000202	 0000000000000,00	 0000128391280,00	 0000000000000,00	 0000000000000,00
242000300	 0000089027810,00	 0000313625065,00	 0000000000000,00	 0000000000000,00
242000301	 0000089027810,00	 0000313625065,00	 0000000000000,00	 0000000000000,00
242000302	 0000000000000,00	 0000000000000,00	 0000000000000,00	 0000000000000,00
242000390	 0000000000000,00	 0000000000000,00	 0000000000000,00	 0000000000000,00
243000000	 0000000000000,00	 0000000000000,00	 0000000000000,00	 0000000000000,00
243000100	 0000000000000,00	 0000000000000,00	 0000000000000,00	 0000000000000,00
243000101	 0000000000000,00	 0000000000000,00	 0000000000000,00	 0000000000000,00
243000102	 0000000000000,00	 0000000000000,00	 0000000000000,00	 0000000000000,00
243000103	 0000000000000,00	 0000000000000,00	 0000000000000,00	 0000000000000,00
243000200	 0000000000000,00	 0000000000000,00	 0000000000000,00	 0000000000000,00
243000201	 0000000000000,00	 0000000000000,00	 0000000000000,00	 0000000000000,00
243000202	 0000000000000,00	 0000000000000,00	 0000000000000,00	 0000000000000,00
243000203	 0000000000000,00	 0000000000000,00	 0000000000000,00	 0000000000000,00
243000300	 0000000000000,00	 0000000000000,00	 0000000000000,00	 0000000000000,00
243000301	 0000000000000,00	 0000000000000,00	 0000000000000,00	 0000000000000,00
243000302	 0000000000000,00	 0000000000000,00	 0000000000000,00	 0000000000000,00
243000400	 0000000000000,00	 0000000000000,00	 0000000000000,00	 0000000000000,00
243000401	 0000000000000,00	 0000000000000,00	 0000000000000,00	 0000000000000,00
243000402	 0000000000000,00	 0000000000000,00	 0000000000000,00	 0000000000000,00
244000000	 0334597069014,00	 0000000000000,00	 0000000000000,00	 0236938310869,00
244250000	 0000000000000,00	 0000000000000,00	 0000000000000,00	 0000000000000,00
244250100	 0000000000000,00	 0000000000000,00	 0000000000000,00	 0000000000000,00
244250101	 0000000000000,00	 0000000000000,00	 0000000000000,00	 0000000000000,00
244250102	 0000000000000,00	 0000000000000,00	 0000000000000,00	 0000000000000,00
244250103	 0000000000000,00	 0000000000000,00	 0000000000000,00	 0000000000000,00
244250200	 0000000000000,00	 0000000000000,00	 0000000000000,00	 0000000000000,00
244250201	 0000000000000,00	 0000000000000,00	 0000000000000,00	 0000000000000,00
244250202	 0000000000000,00	 0000000000000,00	 0000000000000,00	 0000000000000,00
244250203	 0000000000000,00	 0000000000000,00	 0000000000000,00	 0000000000000,00
244250204	 0000000000000,00	 0000000000000,00	 0000000000000,00	 0000000000000,00
244250209	 0000000000000,00	 0000000000000,00	 0000000000000,00	 0000000000000,00
244500000	 0000000000000,00	 0000000000000,00	 0000000000000,00	 0236938310869,00
244500100	 0000000000000,00	 0000000000000,00	 0000000000000,00	 0236938310869,00
244500101	 0000000000000,00	 0000000000000,00	 0000000000000,00	 0000587438376,00
244500102	 0000000000000,00	 0000000000000,00	 0000000000000,00	 0000000000000,00
244500103	 0000000000000,00	 0000000000000,00	 0000000000000,00	 0236350872493,00
244500200	 0000000000000,00	 0000000000000,00	 0000000000000,00	 0000000000000,00
244500201	 0000000000000,00	 0000000000000,00	 0000000000000,00	 0000000000000,00
244500202	 0000000000000,00	 0000000000000,00	 0000000000000,00	 0000000000000,00
244500203	 0000000000000,00	 0000000000000,00	 0000000000000,00	 0000000000000,00
244500204	 0000000000000,00	 0000000000000,00	 0000000000000,00	 0000000000000,00
244500209	 0000000000000,00	 0000000000000,00	 0000000000000,00	 0000000000000,00
244700000	 0334597069014,00	 0000000000000,00	 0000000000000,00	 0000000000000,00
244700100	 0334597069014,00	 0000000000000,00	 0000000000000,00	 0000000000000,00
244700200	 0000000000000,00	 0000000000000,00	 0000000000000,00	 0000000000000,00
244900000	 0000000000000,00	 0000000000000,00	 0000000000000,00	 0000000000000,00
244900100	 0000000000000,00	 0000000000000,00	 0000000000000,00	 0000000000000,00
244900200	 0000000000000,00	 0000000000000,00	 0000000000000,00	 0000000000000,00
245000000	 0037540459143,00	 0753710211346,00	 0000000000000,00	 0000000000000,00
245000100	 0000000000000,00	 0008596555139,00	 0000000000000,00	 0000000000000,00
245000101	 0000000000000,00	 0006821064127,00	 0000000000000,00	 0000000000000,00
245000102	 0000000000000,00	 0001775491012,00	 0000000000000,00	 0000000000000,00
245000200	 0037540459143,00	 0745113656207,00	 0000000000000,00	 0000000000000,00
245000201	 0037540459143,00	 0745113656207,00	 0000000000000,00	 0000000000000,00
245000203	 0000000000000,00	 0000000000000,00	 0000000000000,00	 0000000000000,00
246000000	 0000000000000,00	 0001577589830,00	 0000000000000,00	 0000000000000,00
246000100	 0000000000000,00	 0001577589830,00	 0000000000000,00	 0000000000000,00
246000101	 0000000000000,00	 0001577589830,00	 0000000000000,00	 0000000000000,00
246000102	 0000000000000,00	 0000000000000,00	 0000000000000,00	 0000000000000,00
246000200	 0000000000000,00	 0000000000000,00	 0000000000000,00	 0000000000000,00
246000201	 0000000000000,00	 0000000000000,00	 0000000000000,00	 0000000000000,00
246000202	 0000000000000,00	 0000000000000,00	 0000000000000,00	 0000000000000,00
246000203	 0000000000000,00	 0000000000000,00	 0000000000000,00	 0000000000000,00
246000204	 0000000000000,00	 0000000000000,00	 0000000000000,00	 0000000000000,00
246000205	 0000000000000,00	 0000000000000,00	 0000000000000,00	 0000000000000,00
246000206	 0000000000000,00	 0000000000000,00	 0000000000000,00	 0000000000000,00
246000207	 0000000000000,00	 0000000000000,00	 0000000000000,00	 0000000000000,00
246000208	 0000000000000,00	 0000000000000,00	 0000000000000,00	 0000000000000,00
246000290	 0000000000000,00	 0000000000000,00	 0000000000000,00	 0000000000000,00
246000300	 0000000000000,00	 0000000000000,00	 0000000000000,00	 0000000000000,00
246000301	 0000000000000,00	 0000000000000,00	 0000000000000,00	 0000000000000,00
246000302	 0000000000000,00	 0000000000000,00	 0000000000000,00	 0000000000000,00
246000303	 0000000000000,00	 0000000000000,00	 0000000000000,00	 0000000000000,00
246000304	 0000000000000,00	 0000000000000,00	 0000000000000,00	 0000000000000,00
246000305	 0000000000000,00	 0000000000000,00	 0000000000000,00	 0000000000000,00
246000390	 0000000000000,00	 0000000000000,00	 0000000000000,00	 0000000000000,00
250000000	 0000000000000,00	 0016632746846,00	 0000000000000,00	 0000000000000,00
255000000	 0000000000000,00	 0153530089173,00	 0000000000000,00	 0000000000000,00
255000100	 0000000000000,00	 0153530089173,00	 0000000000000,00	 0000000000000,00
255000101	 0000000000000,00	 0000000000000,00	 0000000000000,00	 0000000000000,00
255000102	 0000000000000,00	 0153530089173,00	 0000000000000,00	 0000000000000,00
255000200	 0000000000000,00	 0000000000000,00	 0000000000000,00	 0000000000000,00
255000300	 0000000000000,00	 0000000000000,00	 0000000000000,00	 0000000000000,00
260000000	 0002500532113,00	 0000000000000,00	 0000000000000,00	 0000000000000,00
260000100	 0001950414596,00	 0000000000000,00	 0000000000000,00	 0000000000000,00
260000101	 0001950414596,00	 0000000000000,00	 0000000000000,00	 0000000000000,00
260000102	 0000000000000,00	 0000000000000,00	 0000000000000,00	 0000000000000,00
260000103	 0000000000000,00	 0000000000000,00	 0000000000000,00	 0000000000000,00
260000104	 0000000000000,00	 0000000000000,00	 0000000000000,00	 0000000000000,00
260000105	 0000000000000,00	 0000000000000,00	 0000000000000,00	 0000000000000,00
260000106	 0000000000000,00	 0000000000000,00	 0000000000000,00	 0000000000000,00
260000107	 0000000000000,00	 0000000000000,00	 0000000000000,00	 0000000000000,00
260000109	 0000000000000,00	 0000000000000,00	 0000000000000,00	 0000000000000,00
260000200	 0000000000000,00	 0000000000000,00	 0000000000000,00	 0000000000000,00
260000300	 0000000000000,00	 0000000000000,00	 0000000000000,00	 0000000000000,00
260000400	 0000505304428,00	 0000000000000,00	 0000000000000,00	 0000000000000,00
260000500	 0000000000000,00	 0000000000000,00	 0000000000000,00	 0000000000000,00
260000600	 0000000000000,00	 0000000000000,00	 0000000000000,00	 0000000000000,00
260000900	 0000044813089,00	 0000000000000,00	 0000000000000,00	 0000000000000,00
265000000	 0004664060941,00	 0000000000000,00	 0000000000000,00	 0000000000000,00
265000100	 0004664060941,00	 0000000000000,00	 0000000000000,00	 0000000000000,00
265000101	 0004664060941,00	 0000000000000,00	 0000000000000,00	 0000000000000,00
265000102	 0000000000000,00	 0000000000000,00	 0000000000000,00	 0000000000000,00
265000200	 0000000000000,00	 0000000000000,00	 0000000000000,00	 0000000000000,00
265000300	 0000000000000,00	 0000000000000,00	 0000000000000,00	 0000000000000,00
270000000	 0024858033315,00	 0000000000000,00	 0000000000000,00	 0000000000000,00
271000000	 0001938385387,00	 0000000000000,00	 0000000000000,00	 0000000000000,00
271000100	 0000109961670,00	 0000000000000,00	 0000000000000,00	 0000000000000,00
271000200	 0000028789044,00	 0000000000000,00	 0000000000000,00	 0000000000000,00
271000400	 0000973360624,00	 0000000000000,00	 0000000000000,00	 0000000000000,00
271000500	 0000000000000,00	 0000000000000,00	 0000000000000,00	 0000000000000,00
271000501	 0000000000000,00	 0000000000000,00	 0000000000000,00	 0000000000000,00
271000502	 0000000000000,00	 0000000000000,00	 0000000000000,00	 0000000000000,00
271000503	 0000000000000,00	 0000000000000,00	 0000000000000,00	 0000000000000,00
271000504	 0000000000000,00	 0000000000000,00	 0000000000000,00	 0000000000000,00
271000505	 0000000000000,00	 0000000000000,00	 0000000000000,00	 0000000000000,00
271000600	 0000337622300,00	 0000000000000,00	 0000000000000,00	 0000000000000,00
271000601	 0000337622300,00	 0000000000000,00	 0000000000000,00	 0000000000000,00
271000602	 0000000000000,00	 0000000000000,00	 0000000000000,00	 0000000000000,00
271000700	 0000488651749,00	 0000000000000,00	 0000000000000,00	 0000000000000,00
271000701	 0000343237040,00	 0000000000000,00	 0000000000000,00	 0000000000000,00
271000702	 0000109922265,00	 0000000000000,00	 0000000000000,00	 0000000000000,00
271000703	 0000008364495,00	 0000000000000,00	 0000000000000,00	 0000000000000,00
271000704	 0000027127949,00	 0000000000000,00	 0000000000000,00	 0000000000000,00
271000705	 0000000000000,00	 0000000000000,00	 0000000000000,00	 0000000000000,00
271000800	 0000000000000,00	 0000000000000,00	 0000000000000,00	 0000000000000,00
271000900	 0000000000000,00	 0000000000000,00	 0000000000000,00	 0000000000000,00
272000000	 0000337992165,00	 0000000000000,00	 0000000000000,00	 0000000000000,00
273000000	 0000000000000,00	 0000000000000,00	 0000000000000,00	 0000000000000,00
274000000	 0022581655763,00	 0000000000000,00	 0000000000000,00	 0000000000000,00
274000100	 0022581655763,00	 0000000000000,00	 0000000000000,00	 0000000000000,00
274000200	 0000000000000,00	 0000000000000,00	 0000000000000,00	 0000000000000,00
274000300	 0000000000000,00	 0000000000000,00	 0000000000000,00	 0000000000000,00
275000000	 0000000000000,00	 0000000000000,00	 0000000000000,00	 0000000000000,00
275000100	 0000000000000,00	 0000000000000,00	 0000000000000,00	 0000000000000,00
275000200	 0000000000000,00	 0000000000000,00	 0000000000000,00	 0000000000000,00
275000300	 0000000000000,00	 0000000000000,00	 0000000000000,00	 0000000000000,00
275000400	 0000000000000,00	 0000000000000,00	 0000000000000,00	 0000000000000,00
275000500	 0000000000000,00	 0000000000000,00	 0000000000000,00	 0000000000000,00
275000600	 0000000000000,00	 0000000000000,00	 0000000000000,00	 0000000000000,00
279000000	 0000000000000,00	 0000000000000,00	 0000000000000,00	 0000000000000,00
279000100	 0000000000000,00	 0000000000000,00	 0000000000000,00	 0000000000000,00
279000200	 0000000000000,00	 0000000000000,00	 0000000000000,00	 0000000000000,00
279000300	 0000000000000,00	 0000000000000,00	 0000000000000,00	 0000000000000,00
280000000	 0014546007636,00	 0000000000000,00	 0000000000000,00	 0000000000000,00
285000000	 0003618917357,00	 0000000000000,00	 0000000000000,00	 0000000000000,00
290000000	 0031718140531,00	 0001240843915,00	 0000000000000,00	 0031593197941,00
290000100	 0002174518151,00	 0000000000000,00	 0000000000000,00	 0031586791486,00
290000101	 0002174518151,00	 0000000000000,00	 0000000000000,00	 0031586791486,00
290000102	 0000000000000,00	 0000000000000,00	 0000000000000,00	 0000000000000,00
290000103	 0000000000000,00	 0000000000000,00	 0000000000000,00	 0000000000000,00
290000104	 0000000000000,00	 0000000000000,00	 0000000000000,00	 0000000000000,00
290000200	 0000000000000,00	 0000000000000,00	 0000000000000,00	 0000000000000,00
290000201	 0000000000000,00	 0000000000000,00	 0000000000000,00	 0000000000000,00
290000202	 0000000000000,00	 0000000000000,00	 0000000000000,00	 0000000000000,00
290000203	 0000000000000,00	 0000000000000,00	 0000000000000,00	 0000000000000,00
290000300	 0011517536645,00	 0001240843915,00	 0000000000000,00	 0000000000000,00
290000301	 0000000000003,00	 0000000000000,00	 0000000000000,00	 0000000000000,00
290000302	 0002632597672,00	 0000000000000,00	 0000000000000,00	 0000000000000,00
290000303	 0000000000000,00	 0000000000000,00	 0000000000000,00	 0000000000000,00
290000304	 0000000000000,00	 0000000000000,00	 0000000000000,00	 0000000000000,00
290000305	 0002694810745,00	 0000000000000,00	 0000000000000,00	 0000000000000,00
290000306	 0000471553504,00	 0000000000000,00	 0000000000000,00	 0000000000000,00
290000307	 0003379820376,00	 0001240843915,00	 0000000000000,00	 0000000000000,00
290000308	 0000752622655,00	 0000000000000,00	 0000000000000,00	 0000000000000,00
290000309	 0000000000000,00	 0000000000000,00	 0000000000000,00	 0000000000000,00
290000390	 0001586131690,00	 0000000000000,00	 0000000000000,00	 0000000000000,00
290000400	 0000013968494,00	 0000000000000,00	 0000000000000,00	 0000000000000,00
290000500	 0000022783326,00	 0000000000000,00	 0000000000000,00	 0000000000000,00
290000501	 0000022783326,00	 0000000000000,00	 0000000000000,00	 0000000000000,00
290000502	 0000000000000,00	 0000000000000,00	 0000000000000,00	 0000000000000,00
290000700	 0000000000000,00	 0000000000000,00	 0000000000000,00	 0000000000000,00
290000800	 0000161125697,00	 0000000000000,00	 0000000000000,00	 0000000000000,00
290000801	 0000000000000,00	 0000000000000,00	 0000000000000,00	 0000000000000,00
290000802	 0000000000000,00	 0000000000000,00	 0000000000000,00	 0000000000000,00
290000803	 0000000000000,00	 0000000000000,00	 0000000000000,00	 0000000000000,00
290000809	 0000161125697,00	 0000000000000,00	 0000000000000,00	 0000000000000,00
290000900	 0002263821448,00	 0000000000000,00	 0000000000000,00	 0000000000000,00
290001000	 0000000000000,00	 0000000000000,00	 0000000000000,00	 0000000000000,00
290001100	 0002656374711,00	 0000000000000,00	 0000000000000,00	 0000001312338,00
290001200	 0012908012059,00	 0000000000000,00	 0000000000000,00	 0000005094117,00
295000000	 0000000000000,00	 0000000000000,00	 0000000000000,00	 0000000000000,00
300000000	 0282377425526,00	 0000000000000,00	 0000000000000,00	 0000000000000,00
310000000	 0170387882945,00	 0000000000000,00	 0000000000000,00	 0000000000000,00
311000000	 0170387882945,00	 0000000000000,00	 0000000000000,00	 0000000000000,00
311000100	 0170387882945,00	 0000000000000,00	 0000000000000,00	 0000000000000,00
311000200	 0000000000000,00	 0000000000000,00	 0000000000000,00	 0000000000000,00
311000300	 0000000000000,00	 0000000000000,00	 0000000000000,00	 0000000000000,00
311000400	 0000000000000,00	 0000000000000,00	 0000000000000,00	 0000000000000,00
311000500	 0000000000000,00	 0000000000000,00	 0000000000000,00	 0000000000000,00
311000600	 0000000000000,00	 0000000000000,00	 0000000000000,00	 0000000000000,00
312000000	 0000000000000,00	 0000000000000,00	 0000000000000,00	 0000000000000,00
313000000	 0000000000000,00	 0000000000000,00	 0000000000000,00	 0000000000000,00
320000000	 0006665436132,00	 0000000000000,00	 0000000000000,00	 0000000000000,00
320000100	-0000112360132,00	 0000000000000,00	 0000000000000,00	 0000000000000,00
320000200	 0006777796264,00	 0000000000000,00	 0000000000000,00	 0000000000000,00
320000300	 0000000000000,00	 0000000000000,00	 0000000000000,00	 0000000000000,00
320000400	 0000000000000,00	 0000000000000,00	 0000000000000,00	 0000000000000,00
330000000	 0002793805928,00	 0000000000000,00	 0000000000000,00	 0000000000000,00
331000000	 0000000000000,00	 0000000000000,00	 0000000000000,00	 0000000000000,00
331000100	 0000000000000,00	 0000000000000,00	 0000000000000,00	 0000000000000,00
331000200	 0000000000000,00	 0000000000000,00	 0000000000000,00	 0000000000000,00
331000201	 0000000000000,00	 0000000000000,00	 0000000000000,00	 0000000000000,00
331000202	 0000000000000,00	 0000000000000,00	 0000000000000,00	 0000000000000,00
331000203	 0000000000000,00	 0000000000000,00	 0000000000000,00	 0000000000000,00
331000209	 0000000000000,00	 0000000000000,00	 0000000000000,00	 0000000000000,00
331000300	 0000000000000,00	 0000000000000,00	 0000000000000,00	 0000000000000,00
331000400	 0000000000000,00	 0000000000000,00	 0000000000000,00	 0000000000000,00
331000500	 0000000000000,00	 0000000000000,00	 0000000000000,00	 0000000000000,00
331000900	 0000000000000,00	 0000000000000,00	 0000000000000,00	 0000000000000,00
332000000	 0002793805928,00	 0000000000000,00	 0000000000000,00	 0000000000000,00
332000100	-0004897215273,00	 0000000000000,00	 0000000000000,00	 0000000000000,00
332000200	 0000000000000,00	 0000000000000,00	 0000000000000,00	 0000000000000,00
332000300	 0000000000000,00	 0000000000000,00	 0000000000000,00	 0000000000000,00
332000400	 0007723091680,00	 0000000000000,00	 0000000000000,00	 0000000000000,00
332000500	 0000000000000,00	 0000000000000,00	 0000000000000,00	 0000000000000,00
332000600	 0000000000000,00	 0000000000000,00	 0000000000000,00	 0000000000000,00
332000700	 0000000000000,00	 0000000000000,00	 0000000000000,00	 0000000000000,00
332000900	-0000032070479,00	 0000000000000,00	 0000000000000,00	 0000000000000,00
340000000	 0091643998166,00	 0000000000000,00	 0000000000000,00	 0000000000000,00
340000100	 0000040438333,00	 0000000000000,00	 0000000000000,00	 0000000000000,00
340000200	 0091603559833,00	 0000000000000,00	 0000000000000,00	 0000000000000,00
350000000	 0015546869803,00	 0000000000000,00	 0000000000000,00	 0000000000000,00
360000000	-0004664060941,00	 0000000000000,00	 0000000000000,00	 0000000000000,00
360000100	-0004664060941,00	 0000000000000,00	 0000000000000,00	 0000000000000,00
360000101	-0004664060941,00	 0000000000000,00	 0000000000000,00	 0000000000000,00
360000102	 0000000000000,00	 0000000000000,00	 0000000000000,00	 0000000000000,00
360000200	 0000000000000,00	 0000000000000,00	 0000000000000,00	 0000000000000,00
360000300	 0000000000000,00	 0000000000000,00	 0000000000000,00	 0000000000000,00
365000000	 0000000000000,00	 0000000000000,00	 0000000000000,00	 0000000000000,00
380000000	 0282373932033,00	 0000000000000,00	 0000000000000,00	 0000000000000,00
390000000	 0000003493493,00	 0000000000000,00	 0000000000000,00	 0000000000000,00
500000000	 0979228223382,00	 1663147738927,00	 0000000000000,00	 0225375179065,00
505000000	 0979228223382,00	 1663147738927,00	 0000000000000,00	 0225375179065,00
510000000	 2395269247999,00	 1454485309328,00	 0000000000000,00	 0492709314797,00
