028	BANCO BICE
100000000	 5414648815389,00	 4272816283129,00	 0091842979340,00	 1584684008976,00
105000000	 0189245937786,00	 0000000000000,00	 0000000000000,00	 0250662826666,00
105000100	 0010874442292,00	 0000000000000,00	 0000000000000,00	 0008566005844,00
105000101	 0010410232292,00	 0000000000000,00	 0000000000000,00	 0005868790879,00
105000102	 0000464210000,00	 0000000000000,00	 0000000000000,00	 0002697214965,00
105000103	 0000000000000,00	 0000000000000,00	 0000000000000,00	 0000000000000,00
105000200	 0174088180811,00	 0000000000000,00	 0000000000000,00	 0004207554860,00
105000201	 0104088180811,00	 0000000000000,00	 0000000000000,00	 0004207554860,00
105000202	 0000000000000,00	 0000000000000,00	 0000000000000,00	 0000000000000,00
105000209	 0070000000000,00	 0000000000000,00	 0000000000000,00	 0000000000000,00
105000300	 0000000000000,00	 0000000000000,00	 0000000000000,00	 0000000000000,00
105000301	 0000000000000,00	 0000000000000,00	 0000000000000,00	 0000000000000,00
105000302	 0000000000000,00	 0000000000000,00	 0000000000000,00	 0000000000000,00
105000309	 0000000000000,00	 0000000000000,00	 0000000000000,00	 0000000000000,00
105000400	 0004283314683,00	 0000000000000,00	 0000000000000,00	 0000000000000,00
105000500	 0000000000000,00	 0000000000000,00	 0000000000000,00	 0237889265962,00
107000000	 0121723257126,00	 0000000000000,00	 0000000000000,00	 0063505556297,00
107000100	 0015339952339,00	 0000000000000,00	 0000000000000,00	 0001299482120,00
107000101	 0000000000000,00	 0000000000000,00	 0000000000000,00	 0000000000000,00
107000102	 0015338752339,00	 0000000000000,00	 0000000000000,00	 0001275135018,00
107000103	 0000001200000,00	 0000000000000,00	 0000000000000,00	 0000024347102,00
107000200	 0000000000000,00	 0000000000000,00	 0000000000000,00	 0000000000000,00
107000201	 0000000000000,00	 0000000000000,00	 0000000000000,00	 0000000000000,00
107000202	 0000000000000,00	 0000000000000,00	 0000000000000,00	 0000000000000,00
107000300	 0000000000000,00	 0000000000000,00	 0000000000000,00	 0000000000000,00
107000400	 0106383304787,00	 0000000000000,00	 0000000000000,00	 0062206074177,00
107000401	 0096022454753,00	 0000000000000,00	 0000000000000,00	 0000000000000,00
107000409	 0000000000000,00	 0000000000000,00	 0000000000000,00	 0023846284753,00
107000411	 0010360850034,00	 0000000000000,00	 0000000000000,00	 0000025901083,00
107000419	 0000000000000,00	 0000000000000,00	 0000000000000,00	 0038333888341,00
110000000	 0421386872815,00	 0074709469325,00	 0000000000000,00	 0077363914279,00
111000100	 0135970750822,00	 0000000000000,00	 0000000000000,00	 0018791879220,00
111000101	 0042132250213,00	 0000000000000,00	 0000000000000,00	 0000000000000,00
111000102	 0093838500609,00	 0000000000000,00	 0000000000000,00	 0018791879220,00
111000103	 0000000000000,00	 0000000000000,00	 0000000000000,00	 0000000000000,00
111000104	 0000000000000,00	 0000000000000,00	 0000000000000,00	 0000000000000,00
111000105	 0000000000000,00	 0000000000000,00	 0000000000000,00	 0000000000000,00
111000109	 0000000000000,00	 0000000000000,00	 0000000000000,00	 0000000000000,00
112000000	 0238023077801,00	 0074709469325,00	 0000000000000,00	 0058572035059,00
112000100	 0112064203653,00	 0007459860420,00	 0000000000000,00	 0000000000000,00
112000101	 0106695668069,00	 0000000000000,00	 0000000000000,00	 0000000000000,00
112000102	 0005368535584,00	 0007459860420,00	 0000000000000,00	 0000000000000,00
112000109	 0000000000000,00	 0000000000000,00	 0000000000000,00	 0000000000000,00
112000200	 0125958874148,00	 0067249608905,00	 0000000000000,00	 0000000000000,00
112000201	 0125957454677,00	 0067249608905,00	 0000000000000,00	 0000000000000,00
112000202	 0000001419471,00	 0000000000000,00	 0000000000000,00	 0000000000000,00
112000209	 0000000000000,00	 0000000000000,00	 0000000000000,00	 0000000000000,00
112000300	 0000000000000,00	 0000000000000,00	 0000000000000,00	 0058572035059,00
112000301	 0000000000000,00	 0000000000000,00	 0000000000000,00	 0008799511464,00
112000302	 0000000000000,00	 0000000000000,00	 0000000000000,00	 0046556303590,00
112000303	 0000000000000,00	 0000000000000,00	 0000000000000,00	 0000000000000,00
112000304	 0000000000000,00	 0000000000000,00	 0000000000000,00	 0000000000000,00
112000309	 0000000000000,00	 0000000000000,00	 0000000000000,00	 0003216220005,00
113000000	 0047393044192,00	 0000000000000,00	 0000000000000,00	 0000000000000,00
113000100	 0045401544192,00	 0000000000000,00	 0000000000000,00	 0000000000000,00
113000101	 0045401544192,00	 0000000000000,00	 0000000000000,00	 0000000000000,00
113000102	 0000000000000,00	 0000000000000,00	 0000000000000,00	 0000000000000,00
113000200	 0001991500000,00	 0000000000000,00	 0000000000000,00	 0000000000000,00
113000201	 0001991500000,00	 0000000000000,00	 0000000000000,00	 0000000000000,00
113000202	 0000000000000,00	 0000000000000,00	 0000000000000,00	 0000000000000,00
113000300	 0000000000000,00	 0000000000000,00	 0000000000000,00	 0000000000000,00
113000301	 0000000000000,00	 0000000000000,00	 0000000000000,00	 0000000000000,00
113000302	 0000000000000,00	 0000000000000,00	 0000000000000,00	 0000000000000,00
113000303	 0000000000000,00	 0000000000000,00	 0000000000000,00	 0000000000000,00
113000304	 0000000000000,00	 0000000000000,00	 0000000000000,00	 0000000000000,00
113000400	 0000000000000,00	 0000000000000,00	 0000000000000,00	 0000000000000,00
115000000	 0000000000000,00	 0000000000000,00	 0000000000000,00	 0000000000000,00
115250000	 0000000000000,00	 0000000000000,00	 0000000000000,00	 0000000000000,00
115250100	 0000000000000,00	 0000000000000,00	 0000000000000,00	 0000000000000,00
115250101	 0000000000000,00	 0000000000000,00	 0000000000000,00	 0000000000000,00
115250102	 0000000000000,00	 0000000000000,00	 0000000000000,00	 0000000000000,00
115250109	 0000000000000,00	 0000000000000,00	 0000000000000,00	 0000000000000,00
115250200	 0000000000000,00	 0000000000000,00	 0000000000000,00	 0000000000000,00
115250201	 0000000000000,00	 0000000000000,00	 0000000000000,00	 0000000000000,00
115250202	 0000000000000,00	 0000000000000,00	 0000000000000,00	 0000000000000,00
115250209	 0000000000000,00	 0000000000000,00	 0000000000000,00	 0000000000000,00
115250300	 0000000000000,00	 0000000000000,00	 0000000000000,00	 0000000000000,00
115250301	 0000000000000,00	 0000000000000,00	 0000000000000,00	 0000000000000,00
115250302	 0000000000000,00	 0000000000000,00	 0000000000000,00	 0000000000000,00
115250303	 0000000000000,00	 0000000000000,00	 0000000000000,00	 0000000000000,00
115250304	 0000000000000,00	 0000000000000,00	 0000000000000,00	 0000000000000,00
115250309	 0000000000000,00	 0000000000000,00	 0000000000000,00	 0000000000000,00
115500000	 0000000000000,00	 0000000000000,00	 0000000000000,00	 0000000000000,00
115500100	 0000000000000,00	 0000000000000,00	 0000000000000,00	 0000000000000,00
115500101	 0000000000000,00	 0000000000000,00	 0000000000000,00	 0000000000000,00
115500102	 0000000000000,00	 0000000000000,00	 0000000000000,00	 0000000000000,00
115500300	 0000000000000,00	 0000000000000,00	 0000000000000,00	 0000000000000,00
115500301	 0000000000000,00	 0000000000000,00	 0000000000000,00	 0000000000000,00
115500302	 0000000000000,00	 0000000000000,00	 0000000000000,00	 0000000000000,00
115500303	 0000000000000,00	 0000000000000,00	 0000000000000,00	 0000000000000,00
115500304	 0000000000000,00	 0000000000000,00	 0000000000000,00	 0000000000000,00
115500400	 0000000000000,00	 0000000000000,00	 0000000000000,00	 0000000000000,00
118000000	 0000000000000,00	 0000000000000,00	 0000000000000,00	 0000000000000,00
118250000	 0000000000000,00	 0000000000000,00	 0000000000000,00	 0000000000000,00
118250100	 0000000000000,00	 0000000000000,00	 0000000000000,00	 0000000000000,00
118250101	 0000000000000,00	 0000000000000,00	 0000000000000,00	 0000000000000,00
118250102	 0000000000000,00	 0000000000000,00	 0000000000000,00	 0000000000000,00
118250109	 0000000000000,00	 0000000000000,00	 0000000000000,00	 0000000000000,00
118250200	 0000000000000,00	 0000000000000,00	 0000000000000,00	 0000000000000,00
118250201	 0000000000000,00	 0000000000000,00	 0000000000000,00	 0000000000000,00
118250202	 0000000000000,00	 0000000000000,00	 0000000000000,00	 0000000000000,00
118250209	 0000000000000,00	 0000000000000,00	 0000000000000,00	 0000000000000,00
118250300	 0000000000000,00	 0000000000000,00	 0000000000000,00	 0000000000000,00
118250301	 0000000000000,00	 0000000000000,00	 0000000000000,00	 0000000000000,00
118250302	 0000000000000,00	 0000000000000,00	 0000000000000,00	 0000000000000,00
118250303	 0000000000000,00	 0000000000000,00	 0000000000000,00	 0000000000000,00
118250304	 0000000000000,00	 0000000000000,00	 0000000000000,00	 0000000000000,00
118250309	 0000000000000,00	 0000000000000,00	 0000000000000,00	 0000000000000,00
118500000	 0000000000000,00	 0000000000000,00	 0000000000000,00	 0000000000000,00
118500300	 0000000000000,00	 0000000000000,00	 0000000000000,00	 0000000000000,00
118500301	 0000000000000,00	 0000000000000,00	 0000000000000,00	 0000000000000,00
118500302	 0000000000000,00	 0000000000000,00	 0000000000000,00	 0000000000000,00
118500303	 0000000000000,00	 0000000000000,00	 0000000000000,00	 0000000000000,00
118500304	 0000000000000,00	 0000000000000,00	 0000000000000,00	 0000000000000,00
118500400	 0000000000000,00	 0000000000000,00	 0000000000000,00	 0000000000000,00
120000000	 0610649084841,00	 0265189514367,00	 0000000000000,00	 0019654857552,00
122000000	 0610649084841,00	 0265189514367,00	 0000000000000,00	 0019654857552,00
122000100	 0497325462558,00	 0006617633610,00	 0000000000000,00	 0001607096322,00
122000101	 0421672133966,00	 0000000000000,00	 0000000000000,00	 0000000000000,00
122000102	 0075653328592,00	 0006617633610,00	 0000000000000,00	 0001607096322,00
122000109	 0000000000000,00	 0000000000000,00	 0000000000000,00	 0000000000000,00
122000200	 0113323622283,00	 0258571880757,00	 0000000000000,00	 0000000000000,00
122000201	 0109890946977,00	 0258571880757,00	 0000000000000,00	 0000000000000,00
122000202	 0003432675306,00	 0000000000000,00	 0000000000000,00	 0000000000000,00
122000209	 0000000000000,00	 0000000000000,00	 0000000000000,00	 0000000000000,00
122000300	 0000000000000,00	 0000000000000,00	 0000000000000,00	 0018047761230,00
122000301	 0000000000000,00	 0000000000000,00	 0000000000000,00	 0000000000000,00
122000302	 0000000000000,00	 0000000000000,00	 0000000000000,00	 0000000000000,00
122000303	 0000000000000,00	 0000000000000,00	 0000000000000,00	 0000000000000,00
122000304	 0000000000000,00	 0000000000000,00	 0000000000000,00	 0000000000000,00
122000309	 0000000000000,00	 0000000000000,00	 0000000000000,00	 0018047761230,00
123000000	 0000000000000,00	 0000000000000,00	 0000000000000,00	 0000000000000,00
123000300	 0000000000000,00	 0000000000000,00	 0000000000000,00	 0000000000000,00
123000301	 0000000000000,00	 0000000000000,00	 0000000000000,00	 0000000000000,00
123000302	 0000000000000,00	 0000000000000,00	 0000000000000,00	 0000000000000,00
123000303	 0000000000000,00	 0000000000000,00	 0000000000000,00	 0000000000000,00
123000304	 0000000000000,00	 0000000000000,00	 0000000000000,00	 0000000000000,00
123000400	 0000000000000,00	 0000000000000,00	 0000000000000,00	 0000000000000,00
130000000	 0000379044971,00	 0002795984077,00	 0000000000000,00	 0000000000000,00
130000100	 0000379044971,00	 0002795984077,00	 0000000000000,00	 0000000000000,00
130000101	 0000000000000,00	 0000000000000,00	 0000000000000,00	 0000000000000,00
130000102	 0000379044971,00	 0002795984077,00	 0000000000000,00	 0000000000000,00
130000103	 0000000000000,00	 0000000000000,00	 0000000000000,00	 0000000000000,00
130000104	 0000000000000,00	 0000000000000,00	 0000000000000,00	 0000000000000,00
130000105	 0000000000000,00	 0000000000000,00	 0000000000000,00	 0000000000000,00
130000190	 0000000000000,00	 0000000000000,00	 0000000000000,00	 0000000000000,00
140000000	 3847702582262,00	 3849660547332,00	 0091842979340,00	 1142055643195,00
141000000	 0006882135248,00	 0000000000000,00	 0000000000000,00	 0000000000000,00
141000100	 0000000000000,00	 0000000000000,00	 0000000000000,00	 0000000000000,00
141000101	 0000000000000,00	 0000000000000,00	 0000000000000,00	 0000000000000,00
141000102	 0000000000000,00	 0000000000000,00	 0000000000000,00	 0000000000000,00
141000103	 0000000000000,00	 0000000000000,00	 0000000000000,00	 0000000000000,00
141000200	 0000000000000,00	 0000000000000,00	 0000000000000,00	 0000000000000,00
141000201	 0000000000000,00	 0000000000000,00	 0000000000000,00	 0000000000000,00
141000202	 0000000000000,00	 0000000000000,00	 0000000000000,00	 0000000000000,00
141000203	 0000000000000,00	 0000000000000,00	 0000000000000,00	 0000000000000,00
141000300	 0006882135248,00	 0000000000000,00	 0000000000000,00	 0000000000000,00
141000301	 0006882135248,00	 0000000000000,00	 0000000000000,00	 0000000000000,00
141000302	 0000000000000,00	 0000000000000,00	 0000000000000,00	 0000000000000,00
141000400	 0000000000000,00	 0000000000000,00	 0000000000000,00	 0000000000000,00
141000401	 0000000000000,00	 0000000000000,00	 0000000000000,00	 0000000000000,00
141000402	 0000000000000,00	 0000000000000,00	 0000000000000,00	 0000000000000,00
141000900	 0000000000000,00	 0000000000000,00	 0000000000000,00	 0000000000000,00
141000901	 0000000000000,00	 0000000000000,00	 0000000000000,00	 0000000000000,00
141000902	 0000000000000,00	 0000000000000,00	 0000000000000,00	 0000000000000,00
141000903	 0000000000000,00	 0000000000000,00	 0000000000000,00	 0000000000000,00
141500000	 0659164341507,00	 0046833093935,00	 0000000000000,00	 0255218174442,00
141500100	 0647882907403,00	 0000000000000,00	 0000000000000,00	 0000000000000,00
141500101	 0000000000000,00	 0000000000000,00	 0000000000000,00	 0000000000000,00
141500102	 0647882907403,00	 0000000000000,00	 0000000000000,00	 0000000000000,00
141500109	 0000000000000,00	 0000000000000,00	 0000000000000,00	 0000000000000,00
141500200	 0012108197703,00	 0046833093935,00	 0000000000000,00	 0000000000000,00
141500201	 0000000000000,00	 0000000000000,00	 0000000000000,00	 0000000000000,00
141500202	 0012108197703,00	 0046833093935,00	 0000000000000,00	 0000000000000,00
141500209	 0000000000000,00	 0000000000000,00	 0000000000000,00	 0000000000000,00
141500300	 0000000000000,00	 0000000000000,00	 0000000000000,00	 0255218174442,00
141500301	 0000000000000,00	 0000000000000,00	 0000000000000,00	 0000000000000,00
141500302	 0000000000000,00	 0000000000000,00	 0000000000000,00	 0220093580003,00
141500303	 0000000000000,00	 0000000000000,00	 0000000000000,00	 0000000000000,00
141500304	 0000000000000,00	 0000000000000,00	 0000000000000,00	 0022164364636,00
141500309	 0000000000000,00	 0000000000000,00	 0000000000000,00	 0012960229803,00
141500900	-0000826763599,00	 0000000000000,00	 0000000000000,00	 0000000000000,00
141500901	-0000826522489,00	 0000000000000,00	 0000000000000,00	 0000000000000,00
141500902	-0000000241110,00	 0000000000000,00	 0000000000000,00	 0000000000000,00
141500903	 0000000000000,00	 0000000000000,00	 0000000000000,00	 0000000000000,00
143000000	 0000000000000,00	 0000000000000,00	 0000000000000,00	 0000000000000,00
143100100	 0000000000000,00	 0000000000000,00	 0000000000000,00	 0000000000000,00
143100101	 0000000000000,00	 0000000000000,00	 0000000000000,00	 0000000000000,00
143100102	 0000000000000,00	 0000000000000,00	 0000000000000,00	 0000000000000,00
143100103	 0000000000000,00	 0000000000000,00	 0000000000000,00	 0000000000000,00
143100104	 0000000000000,00	 0000000000000,00	 0000000000000,00	 0000000000000,00
143100105	 0000000000000,00	 0000000000000,00	 0000000000000,00	 0000000000000,00
143100106	 0000000000000,00	 0000000000000,00	 0000000000000,00	 0000000000000,00
143100107	 0000000000000,00	 0000000000000,00	 0000000000000,00	 0000000000000,00
143100190	 0000000000000,00	 0000000000000,00	 0000000000000,00	 0000000000000,00
143150100	 0000000000000,00	 0000000000000,00	 0000000000000,00	 0000000000000,00
143150101	 0000000000000,00	 0000000000000,00	 0000000000000,00	 0000000000000,00
143150102	 0000000000000,00	 0000000000000,00	 0000000000000,00	 0000000000000,00
143150103	 0000000000000,00	 0000000000000,00	 0000000000000,00	 0000000000000,00
143200100	 0000000000000,00	 0000000000000,00	 0000000000000,00	 0000000000000,00
143200101	 0000000000000,00	 0000000000000,00	 0000000000000,00	 0000000000000,00
143200102	 0000000000000,00	 0000000000000,00	 0000000000000,00	 0000000000000,00
143200103	 0000000000000,00	 0000000000000,00	 0000000000000,00	 0000000000000,00
143200104	 0000000000000,00	 0000000000000,00	 0000000000000,00	 0000000000000,00
143200105	 0000000000000,00	 0000000000000,00	 0000000000000,00	 0000000000000,00
143200106	 0000000000000,00	 0000000000000,00	 0000000000000,00	 0000000000000,00
143200107	 0000000000000,00	 0000000000000,00	 0000000000000,00	 0000000000000,00
143200108	 0000000000000,00	 0000000000000,00	 0000000000000,00	 0000000000000,00
143200190	 0000000000000,00	 0000000000000,00	 0000000000000,00	 0000000000000,00
143250100	 0000000000000,00	 0000000000000,00	 0000000000000,00	 0000000000000,00
143250101	 0000000000000,00	 0000000000000,00	 0000000000000,00	 0000000000000,00
143250102	 0000000000000,00	 0000000000000,00	 0000000000000,00	 0000000000000,00
143250103	 0000000000000,00	 0000000000000,00	 0000000000000,00	 0000000000000,00
143300100	 0000000000000,00	 0000000000000,00	 0000000000000,00	 0000000000000,00
143300101	 0000000000000,00	 0000000000000,00	 0000000000000,00	 0000000000000,00
143300102	 0000000000000,00	 0000000000000,00	 0000000000000,00	 0000000000000,00
143300103	 0000000000000,00	 0000000000000,00	 0000000000000,00	 0000000000000,00
143400100	 0000000000000,00	 0000000000000,00	 0000000000000,00	 0000000000000,00
143400101	 0000000000000,00	 0000000000000,00	 0000000000000,00	 0000000000000,00
143400102	 0000000000000,00	 0000000000000,00	 0000000000000,00	 0000000000000,00
143400103	 0000000000000,00	 0000000000000,00	 0000000000000,00	 0000000000000,00
144000000	 3181656105507,00	 3802827453397,00	 0091842979340,00	 0886837468753,00
145000000	 3010324470842,00	 2080304611363,00	 0093328366144,00	 0917560046675,00
145400100	 2670255433477,00	 1776488785262,00	 0042444169735,00	 0486984115055,00
145400101	 2670255433477,00	 1374864378475,00	 0042444169735,00	 0467936186946,00
145400102	 0000000000000,00	 0000000000000,00	 0000000000000,00	 0019047928109,00
145400103	 0000000000000,00	 0000000000000,00	 0000000000000,00	 0000000000000,00
145400104	 0000000000000,00	 0000066024106,00	 0000000000000,00	 0000000000000,00
145400105	 0000000000000,00	 0137588465912,00	 0000000000000,00	 0000000000000,00
145400106	 0000000000000,00	 0263969916769,00	 0000000000000,00	 0000000000000,00
145400200	 0015565586430,00	 0000000000000,00	 0000029796347,00	 0408561460196,00
145400201	 0000000000000,00	 0000000000000,00	 0000000000000,00	 0017681246339,00
145400202	 0015565586430,00	 0000000000000,00	 0000000000000,00	 0226828235598,00
145400203	 0000000000000,00	 0000000000000,00	 0000029796347,00	 0008239039115,00
145400204	 0000000000000,00	 0000000000000,00	 0000000000000,00	 0152954383957,00
145400205	 0000000000000,00	 0000000000000,00	 0000000000000,00	 0000434735227,00
145400290	 0000000000000,00	 0000000000000,00	 0000000000000,00	 0002423819960,00
145400300	 0042420853096,00	 0000000000000,00	 0000000000000,00	 0002676659142,00
145400400	 0003943951899,00	 0000000000000,00	 0000000000000,00	 0000794081669,00
145400401	 0001697864439,00	 0000000000000,00	 0000000000000,00	 0000794081669,00
145400402	 0002246087460,00	 0000000000000,00	 0000000000000,00	 0000000000000,00
145400500	 0119965447022,00	 0000000000000,00	 0000000000000,00	 0018541508348,00
145400501	 0100981802587,00	 0000000000000,00	 0000000000000,00	 0010291716527,00
145400502	 0018983644435,00	 0000000000000,00	 0000000000000,00	 0008249791821,00
145400600	 0152528768001,00	 0293888147255,00	 0050573648066,00	 0000000000000,00
145400601	 0020452951062,00	 0215282179323,00	 0016513341651,00	 0000000000000,00
145400602	 0132075816939,00	 0078605967932,00	 0034060306415,00	 0000000000000,00
145400700	 0000000000000,00	 0009197708248,00	 0000000000000,00	 0000000000000,00
145400701	 0000000000000,00	 0000000000000,00	 0000000000000,00	 0000000000000,00
145400702	 0000000000000,00	 0000000000000,00	 0000000000000,00	 0000000000000,00
145400703	 0000000000000,00	 0009197708248,00	 0000000000000,00	 0000000000000,00
145400900	 0005644430917,00	 0000729970598,00	 0000280751996,00	 0000002222265,00
145400901	 0000000000000,00	 0000000000000,00	 0000000000000,00	 0000000000000,00
145400902	 0004946188187,00	 0000000000000,00	 0000000000000,00	 0000000000000,00
145400990	 0000698242730,00	 0000729970598,00	 0000280751996,00	 0000002222265,00
146000000	 0000034407524,00	 1719980157366,00	 0000000000000,00	 0000000000000,00
146000100	 0000000000000,00	 0000132972758,00	 0000000000000,00	 0000000000000,00
146000200	 0000000000000,00	 0641300485688,00	 0000000000000,00	 0000000000000,00
146000300	 0000000000000,00	 0000000000000,00	 0000000000000,00	 0000000000000,00
146000400	 0000000000000,00	 1073003604293,00	 0000000000000,00	 0000000000000,00
146000401	 0000000000000,00	 1073003604293,00	 0000000000000,00	 0000000000000,00
146000402	 0000000000000,00	 0000000000000,00	 0000000000000,00	 0000000000000,00
146000500	 0000000000000,00	 0000138392920,00	 0000000000000,00	 0000000000000,00
146000900	 0000034407524,00	 0005404701707,00	 0000000000000,00	 0000000000000,00
146000901	 0000000000000,00	 0005386499220,00	 0000000000000,00	 0000000000000,00
146000902	 0000000000000,00	 0000000000000,00	 0000000000000,00	 0000000000000,00
146000903	 0000000000000,00	 0000000000000,00	 0000000000000,00	 0000000000000,00
146000909	 0000034407524,00	 0000018202487,00	 0000000000000,00	 0000000000000,00
148000000	 0236375052486,00	 0002542684668,00	 0000000000000,00	 0005179466952,00
148000100	 0144871918600,00	 0002542684668,00	 0000000000000,00	 0000000000000,00
148000200	 0012431409715,00	 0000000000000,00	 0000000000000,00	 0000000000145,00
148000300	 0079032746304,00	 0000000000000,00	 0000000000000,00	 0005179466807,00
148000301	 0045724905742,00	 0000000000000,00	 0000000000000,00	 0005179466807,00
148000302	 0033307840562,00	 0000000000000,00	 0000000000000,00	 0000000000000,00
148000400	 0000038977867,00	 0000000000000,00	 0000000000000,00	 0000000000000,00
148000900	 0000000000000,00	 0000000000000,00	 0000000000000,00	 0000000000000,00
148000901	 0000000000000,00	 0000000000000,00	 0000000000000,00	 0000000000000,00
148000902	 0000000000000,00	 0000000000000,00	 0000000000000,00	 0000000000000,00
149000000	-0065077825345,00	 0000000000000,00	-0001485386804,00	-0035902044874,00
149500100	-0058386904594,00	 0000000000000,00	-0001485386804,00	-0035838421628,00
149500101	-0024291590444,00	 0000000000000,00	-0001326810249,00	-0015801506862,00
149500102	-0009138187678,00	 0000000000000,00	-0000153778379,00	-0003696765427,00
149500103	-0015658647992,00	 0000000000000,00	-0000000042418,00	-0015370316807,00
149500104	-0004659400672,00	 0000000000000,00	-0000004755758,00	-0000354624544,00
149500105	-0002730133846,00	 0000000000000,00	 0000000000000,00	-0000615207988,00
149500109	-0001908943962,00	 0000000000000,00	 0000000000000,00	 0000000000000,00
149600100	-0001499628948,00	 0000000000000,00	 0000000000000,00	 0000000000000,00
149600101	-0001154496248,00	 0000000000000,00	 0000000000000,00	 0000000000000,00
149600102	-0000345132700,00	 0000000000000,00	 0000000000000,00	 0000000000000,00
149700100	-0005191291803,00	 0000000000000,00	 0000000000000,00	-0000063623246,00
149700101	-0002731024526,00	 0000000000000,00	 0000000000000,00	-0000053215933,00
149700102	-0002460267277,00	 0000000000000,00	 0000000000000,00	-0000010407313,00
150000000	 0000865502775,00	 0000000000000,00	 0000000000000,00	 0000000000000,00
150000100	 0000000000000,00	 0000000000000,00	 0000000000000,00	 0000000000000,00
150000200	 0000000000000,00	 0000000000000,00	 0000000000000,00	 0000000000000,00
150000201	 0000000000000,00	 0000000000000,00	 0000000000000,00	 0000000000000,00
150000202	 0000000000000,00	 0000000000000,00	 0000000000000,00	 0000000000000,00
150000300	 0000000000000,00	 0000000000000,00	 0000000000000,00	 0000000000000,00
150000400	 0000000000000,00	 0000000000000,00	 0000000000000,00	 0000000000000,00
150000500	 0000000000000,00	 0000000000000,00	 0000000000000,00	 0000000000000,00
150000600	 0000000000000,00	 0000000000000,00	 0000000000000,00	 0000000000000,00
150000700	 0000865502775,00	 0000000000000,00	 0000000000000,00	 0000000000000,00
150000800	 0000000000000,00	 0000000000000,00	 0000000000000,00	 0000000000000,00
160000000	 0016308511280,00	 0000000000000,00	 0000000000000,00	 0000031422180,00
160000100	 0000000000000,00	 0000000000000,00	 0000000000000,00	 0000000000000,00
160000200	 0000000000000,00	 0000000000000,00	 0000000000000,00	 0000000000000,00
160000201	 0000000000000,00	 0000000000000,00	 0000000000000,00	 0000000000000,00
160000202	 0000000000000,00	 0000000000000,00	 0000000000000,00	 0000000000000,00
160000203	 0000000000000,00	 0000000000000,00	 0000000000000,00	 0000000000000,00
160000204	 0000000000000,00	 0000000000000,00	 0000000000000,00	 0000000000000,00
160000205	 0000000000000,00	 0000000000000,00	 0000000000000,00	 0000000000000,00
160000206	 0000000000000,00	 0000000000000,00	 0000000000000,00	 0000000000000,00
160000207	 0000000000000,00	 0000000000000,00	 0000000000000,00	 0000000000000,00
160000208	 0000000000000,00	 0000000000000,00	 0000000000000,00	 0000000000000,00
160000209	 0000000000000,00	 0000000000000,00	 0000000000000,00	 0000000000000,00
160000219	 0000000000000,00	 0000000000000,00	 0000000000000,00	 0000000000000,00
160000300	 0016308511280,00	 0000000000000,00	 0000000000000,00	 0000031422180,00
160000301	 0021658170668,00	 0000000000000,00	 0000000000000,00	 0000031422180,00
160000302	 0039515810987,00	 0000000000000,00	 0000000000000,00	 0000000000000,00
160000303	 0000000000000,00	 0000000000000,00	 0000000000000,00	 0000000000000,00
160000309	 0000000000000,00	 0000000000000,00	 0000000000000,00	 0000000000000,00
160000319	-0044865470375,00	 0000000000000,00	 0000000000000,00	 0000000000000,00
170000000	 0026365340557,00	 0000000000000,00	 0000000000000,00	 0000000000000,00
170000100	 0014509776950,00	 0000000000000,00	 0000000000000,00	 0000000000000,00
170000101	 0013358656151,00	 0000000000000,00	 0000000000000,00	 0000000000000,00
170000102	 0005091250623,00	 0000000000000,00	 0000000000000,00	 0000000000000,00
170000119	-0003940129824,00	 0000000000000,00	 0000000000000,00	 0000000000000,00
170000200	 0011855563607,00	 0000000000000,00	 0000000000000,00	 0000000000000,00
170000201	 0017723453805,00	 0000000000000,00	 0000000000000,00	 0000000000000,00
170000209	 0012386949168,00	 0000000000000,00	 0000000000000,00	 0000000000000,00
170000219	-0018254839366,00	 0000000000000,00	 0000000000000,00	 0000000000000,00
175000000	 0018214006138,00	 0079915413244,00	 0000000000000,00	 0000000000000,00
175000100	 0000000000000,00	 0079915413244,00	 0000000000000,00	 0000000000000,00
175000101	 0000000000000,00	 0090821562686,00	 0000000000000,00	 0000000000000,00
175000102	 0000000000000,00	 0000000000000,00	 0000000000000,00	 0000000000000,00
175000119	 0000000000000,00	-0010906149442,00	 0000000000000,00	 0000000000000,00
175000200	 0018214006138,00	 0000000000000,00	 0000000000000,00	 0000000000000,00
175000201	 0025077011025,00	 0000000000000,00	 0000000000000,00	 0000000000000,00
175000219	-0006863004887,00	 0000000000000,00	 0000000000000,00	 0000000000000,00
175000300	 0000000000000,00	 0000000000000,00	 0000000000000,00	 0000000000000,00
175000301	 0000000000000,00	 0000000000000,00	 0000000000000,00	 0000000000000,00
175000309	 0000000000000,00	 0000000000000,00	 0000000000000,00	 0000000000000,00
175000319	 0000000000000,00	 0000000000000,00	 0000000000000,00	 0000000000000,00
175000400	 0000000000000,00	 0000000000000,00	 0000000000000,00	 0000000000000,00
175000401	 0000000000000,00	 0000000000000,00	 0000000000000,00	 0000000000000,00
175000409	 0000000000000,00	 0000000000000,00	 0000000000000,00	 0000000000000,00
175000419	 0000000000000,00	 0000000000000,00	 0000000000000,00	 0000000000000,00
180000000	 0000924542958,00	 0000000000000,00	 0000000000000,00	 0000000000000,00
185000000	 0043029505122,00	 0000000000000,00	 0000000000000,00	 0000000000000,00
190000000	 0116570545298,00	 0000545354784,00	 0000000000000,00	 0031409788807,00
190000100	 0031683007327,00	 0000000000000,00	 0000000000000,00	 0000016338353,00
190000101	 0031683007327,00	 0000000000000,00	 0000000000000,00	 0000016338353,00
190000102	 0000000000000,00	 0000000000000,00	 0000000000000,00	 0000000000000,00
190000103	 0000000000000,00	 0000000000000,00	 0000000000000,00	 0000000000000,00
190000200	 0016921583907,00	 0000000000000,00	 0000000000000,00	 0012492453941,00
190000201	 0014405616738,00	 0000000000000,00	 0000000000000,00	 0000000000000,00
190000202	 0000000000000,00	 0000000000000,00	 0000000000000,00	 0000000000000,00
190000203	 0002515967169,00	 0000000000000,00	 0000000000000,00	 0000000000000,00
190000204	 0000000000000,00	 0000000000000,00	 0000000000000,00	 0012492453941,00
190000300	 0016642914933,00	 0000000000000,00	 0000000000000,00	 0000033662649,00
190000301	 0011302369535,00	 0000000000000,00	 0000000000000,00	 0000033662649,00
190000302	 0005340545398,00	 0000000000000,00	 0000000000000,00	 0000000000000,00
190000303	 0000000000000,00	 0000000000000,00	 0000000000000,00	 0000000000000,00
190000400	 0000000000000,00	 0000000000000,00	 0000000000000,00	 0000000000000,00
190000401	 0000000000000,00	 0000000000000,00	 0000000000000,00	 0000000000000,00
190000402	 0000000000000,00	 0000000000000,00	 0000000000000,00	 0000000000000,00
190000500	 0006304707368,00	 0000544587646,00	 0000000000000,00	 0008278858554,00
190000501	 0000000000000,00	 0000000000000,00	 0000000000000,00	 0000000000000,00
190000502	 0000000000000,00	 0000000000000,00	 0000000000000,00	 0000000000000,00
190000503	 0000000000000,00	 0000000000000,00	 0000000000000,00	 0000000000000,00
190000504	 0000000000000,00	 0000000000000,00	 0000000000000,00	 0000000000000,00
190000505	 0000000000000,00	 0000000000000,00	 0000000000000,00	 0000000000000,00
190000509	 0006304707368,00	 0000544587646,00	 0000000000000,00	 0008278858554,00
190000600	 0000000000000,00	 0000000000000,00	 0000000000000,00	 0000000000000,00
190000700	 0000000000000,00	 0000000000000,00	 0000000000000,00	 0000000000000,00
190000701	 0000000000000,00	 0000000000000,00	 0000000000000,00	 0000000000000,00
190000702	 0000000000000,00	 0000000000000,00	 0000000000000,00	 0000000000000,00
190000800	 0003612827156,00	 0000000000000,00	 0000000000000,00	 0000000000000,00
190000900	 0003589712277,00	 0000000000000,00	 0000000000000,00	 0000000000000,00
190001000	 0013680569388,00	 0000000000000,00	 0000000000000,00	 0000000000000,00
190001100	 0000000000000,00	 0000000000000,00	 0000000000000,00	 0000000000000,00
190001200	 0000000000000,00	 0000000000000,00	 0000000000000,00	 0000000000000,00
190001300	 0000000000000,00	 0000000000000,00	 0000000000000,00	 0000000000000,00
190001400	 0000140000000,00	 0000000000000,00	 0000000000000,00	 0000200825000,00
190001500	 0001910420945,00	 0000000000000,00	 0000000000000,00	 0000136208463,00
190002900	 0022084801997,00	 0000000767138,00	 0000000000000,00	 0010251441847,00
192500100	 0000000000000,00	 0000000000000,00	 0000000000000,00	 0000000000000,00
192500101	 0000000000000,00	 0000000000000,00	 0000000000000,00	 0000000000000,00
192500102	 0000000000000,00	 0000000000000,00	 0000000000000,00	 0000000000000,00
192500103	 0000000000000,00	 0000000000000,00	 0000000000000,00	 0000000000000,00
195000000	 0001284081460,00	 0000000000000,00	 0000000000000,00	 0000000000000,00
195000100	 0000480877535,00	 0000000000000,00	 0000000000000,00	 0000000000000,00
195000101	 0000480877532,00	 0000000000000,00	 0000000000000,00	 0000000000000,00
195000102	 0000000000003,00	 0000000000000,00	 0000000000000,00	 0000000000000,00
195000103	 0000000000000,00	 0000000000000,00	 0000000000000,00	 0000000000000,00
195000200	 0000803203925,00	 0000000000000,00	 0000000000000,00	 0000000000000,00
195000201	 0000000000000,00	 0000000000000,00	 0000000000000,00	 0000000000000,00
195000202	 0000000000000,00	 0000000000000,00	 0000000000000,00	 0000000000000,00
195000203	 0000000000000,00	 0000000000000,00	 0000000000000,00	 0000000000000,00
195000204	 0000803203925,00	 0000000000000,00	 0000000000000,00	 0000000000000,00
195000219	 0000000000000,00	 0000000000000,00	 0000000000000,00	 0000000000000,00
195000300	 0000000000000,00	 0000000000000,00	 0000000000000,00	 0000000000000,00
200000000	 6139390360525,00	 2627974828152,00	 0046968041166,00	 1722139618266,00
207000000	 0037220547797,00	 0000000000000,00	 0000000000000,00	 0097398123970,00
207000100	 0000000000000,00	 0000000000000,00	 0000000000000,00	 0000000000000,00
207000101	 0000000000000,00	 0000000000000,00	 0000000000000,00	 0000000000000,00
207000102	 0000000000000,00	 0000000000000,00	 0000000000000,00	 0000000000000,00
207000200	 0000000000000,00	 0000000000000,00	 0000000000000,00	 0000000000000,00
207000300	 0037220547797,00	 0000000000000,00	 0000000000000,00	 0097398123970,00
207000301	 0020771783400,00	 0000000000000,00	 0000000000000,00	 0000000000000,00
207000309	 0000000000000,00	 0000000000000,00	 0000000000000,00	 0093502153020,00
207000311	 0016448764397,00	 0000000000000,00	 0000000000000,00	 0000000000000,00
207000319	 0000000000000,00	 0000000000000,00	 0000000000000,00	 0003895970950,00
210000000	 0147836808836,00	 0000000000000,00	 0000000000000,00	 0011498753717,00
211000100	 0147836808836,00	 0000000000000,00	 0000000000000,00	 0011498753717,00
211000101	 0044546047774,00	 0000000000000,00	 0000000000000,00	 0000000000000,00
211000102	 0103290761062,00	 0000000000000,00	 0000000000000,00	 0011498753717,00
211000103	 0000000000000,00	 0000000000000,00	 0000000000000,00	 0000000000000,00
211000104	 0000000000000,00	 0000000000000,00	 0000000000000,00	 0000000000000,00
211000105	 0000000000000,00	 0000000000000,00	 0000000000000,00	 0000000000000,00
211000190	 0000000000000,00	 0000000000000,00	 0000000000000,00	 0000000000000,00
213000100	 0000000000000,00	 0000000000000,00	 0000000000000,00	 0000000000000,00
213000101	 0000000000000,00	 0000000000000,00	 0000000000000,00	 0000000000000,00
213000102	 0000000000000,00	 0000000000000,00	 0000000000000,00	 0000000000000,00
213000103	 0000000000000,00	 0000000000000,00	 0000000000000,00	 0000000000000,00
213000109	 0000000000000,00	 0000000000000,00	 0000000000000,00	 0000000000000,00
218000000	 0000000000000,00	 0000000000000,00	 0000000000000,00	 0000000000000,00
218000001	 0000000000000,00	 0000000000000,00	 0000000000000,00	 0000000000000,00
218000002	 0000000000000,00	 0000000000000,00	 0000000000000,00	 0000000000000,00
218000003	 0000000000000,00	 0000000000000,00	 0000000000000,00	 0000000000000,00
218000009	 0000000000000,00	 0000000000000,00	 0000000000000,00	 0000000000000,00
230000000	 0030094382526,00	 0017398319726,00	 0000000000000,00	 0000000000000,00
230000100	 0030094382526,00	 0017398319726,00	 0000000000000,00	 0000000000000,00
230000101	 0000000000000,00	 0000000000000,00	 0000000000000,00	 0000000000000,00
230000102	 0030094382526,00	 0017398319726,00	 0000000000000,00	 0000000000000,00
230000103	 0000000000000,00	 0000000000000,00	 0000000000000,00	 0000000000000,00
230000104	 0000000000000,00	 0000000000000,00	 0000000000000,00	 0000000000000,00
230000105	 0000000000000,00	 0000000000000,00	 0000000000000,00	 0000000000000,00
230000190	 0000000000000,00	 0000000000000,00	 0000000000000,00	 0000000000000,00
240000000	 5685683704005,00	 2215413986764,00	 0042342980432,00	 1580650832894,00
241000000	 1315587951359,00	 0012676659200,00	 0000042525818,00	 0469954512232,00
241000100	 1081850297683,00	 0000000000000,00	 0000000000000,00	 0436968886538,00
241000101	 0000117727838,00	 0000000000000,00	 0000000000000,00	 0000017618698,00
241000102	 0000000000000,00	 0000000000000,00	 0000000000000,00	 0000000000000,00
241000103	 0832895308633,00	 0000000000000,00	 0000000000000,00	 0311756339053,00
241000104	 0248837261212,00	 0000000000000,00	 0000000000000,00	 0125194928787,00
241000200	 0040226203605,00	 0000000000000,00	 0000000000000,00	 0000000000000,00
241000201	 0040226203605,00	 0000000000000,00	 0000000000000,00	 0000000000000,00
241000202	 0000000000000,00	 0000000000000,00	 0000000000000,00	 0000000000000,00
241000300	 0039161047464,00	 0000000000000,00	 0000000000000,00	 0000000000000,00
241000301	 0039161047464,00	 0000000000000,00	 0000000000000,00	 0000000000000,00
241000400	 0000000000000,00	 0000000000000,00	 0000000000000,00	 0000000000000,00
241000401	 0000000000000,00	 0000000000000,00	 0000000000000,00	 0000000000000,00
241000402	 0000000000000,00	 0000000000000,00	 0000000000000,00	 0000000000000,00
241000500	 0154350402607,00	 0012676659200,00	 0000042525818,00	 0032985625694,00
241000501	 0000000000000,00	 0000000000000,00	 0000000000000,00	 0000000000000,00
241000502	 0000000000000,00	 0000000000000,00	 0000000000000,00	 0000000000000,00
241000503	 0000000000000,00	 0000000000000,00	 0000000000000,00	 0000000000000,00
241000504	 0000000000000,00	 0000000000000,00	 0000000000000,00	 0000000000000,00
241000505	 0012113650969,00	 0012313669837,00	 0000042525818,00	 0003316080913,00
241000506	 0089906578120,00	 0000000000000,00	 0000000000000,00	 0000000000000,00
241000507	 0000000000000,00	 0000000000000,00	 0000000000000,00	 0009850634010,00
241000508	 0000000000000,00	 0000000000000,00	 0000000000000,00	 0000000000000,00
241000509	 0004484814106,00	 0000000000000,00	 0000000000000,00	 0000000000000,00
241000510	 0002131099551,00	 0000000000000,00	 0000000000000,00	 0001198724259,00
241000511	 0003000070465,00	 0000000000000,00	 0000000000000,00	 0000643942087,00
241000512	 0000000000000,00	 0000000000000,00	 0000000000000,00	 0000000000000,00
241000513	 0000000000000,00	 0000000000000,00	 0000000000000,00	 0000000000000,00
241000590	 0042714189396,00	 0000362989363,00	 0000000000000,00	 0017976244425,00
242000000	 3170212305500,00	 0498228159095,00	 0000000000000,00	 0569778280081,00
242000100	 3170212305500,00	 0492986854105,00	 0000000000000,00	 0569778280081,00
242000200	 0000000000000,00	 0005241304990,00	 0000000000000,00	 0000000000000,00
242000201	 0000000000000,00	 0000000000000,00	 0000000000000,00	 0000000000000,00
242000202	 0000000000000,00	 0005241304990,00	 0000000000000,00	 0000000000000,00
242000300	 0000000000000,00	 0000000000000,00	 0000000000000,00	 0000000000000,00
242000301	 0000000000000,00	 0000000000000,00	 0000000000000,00	 0000000000000,00
242000302	 0000000000000,00	 0000000000000,00	 0000000000000,00	 0000000000000,00
242000390	 0000000000000,00	 0000000000000,00	 0000000000000,00	 0000000000000,00
243000000	 0035870125030,00	 0004588880750,00	 0000000000000,00	 0000000000000,00
243000100	 0000000000000,00	 0000000000000,00	 0000000000000,00	 0000000000000,00
243000101	 0000000000000,00	 0000000000000,00	 0000000000000,00	 0000000000000,00
243000102	 0000000000000,00	 0000000000000,00	 0000000000000,00	 0000000000000,00
243000103	 0000000000000,00	 0000000000000,00	 0000000000000,00	 0000000000000,00
243000200	 0000000000000,00	 0000000000000,00	 0000000000000,00	 0000000000000,00
243000201	 0000000000000,00	 0000000000000,00	 0000000000000,00	 0000000000000,00
243000202	 0000000000000,00	 0000000000000,00	 0000000000000,00	 0000000000000,00
243000203	 0000000000000,00	 0000000000000,00	 0000000000000,00	 0000000000000,00
243000300	 0035870125030,00	 0004588880750,00	 0000000000000,00	 0000000000000,00
243000301	 0035870125030,00	 0004588880750,00	 0000000000000,00	 0000000000000,00
243000302	 0000000000000,00	 0000000000000,00	 0000000000000,00	 0000000000000,00
243000400	 0000000000000,00	 0000000000000,00	 0000000000000,00	 0000000000000,00
243000401	 0000000000000,00	 0000000000000,00	 0000000000000,00	 0000000000000,00
243000402	 0000000000000,00	 0000000000000,00	 0000000000000,00	 0000000000000,00
244000000	 1098474838609,00	 0000000000000,00	 0000000000000,00	 0307242815460,00
244250000	 0054556833933,00	 0000000000000,00	 0000000000000,00	 0012448661690,00
244250100	 0000000000000,00	 0000000000000,00	 0000000000000,00	 0012448661690,00
244250101	 0000000000000,00	 0000000000000,00	 0000000000000,00	 0000000000000,00
244250102	 0000000000000,00	 0000000000000,00	 0000000000000,00	 0012448661690,00
244250103	 0000000000000,00	 0000000000000,00	 0000000000000,00	 0000000000000,00
244250200	 0054556833933,00	 0000000000000,00	 0000000000000,00	 0000000000000,00
244250201	 0000000000000,00	 0000000000000,00	 0000000000000,00	 0000000000000,00
244250202	 0000000000000,00	 0000000000000,00	 0000000000000,00	 0000000000000,00
244250203	 0000000000000,00	 0000000000000,00	 0000000000000,00	 0000000000000,00
244250204	 0000000000000,00	 0000000000000,00	 0000000000000,00	 0000000000000,00
244250209	 0054556833933,00	 0000000000000,00	 0000000000000,00	 0000000000000,00
244500000	 0000000000000,00	 0000000000000,00	 0000000000000,00	 0294794153770,00
244500100	 0000000000000,00	 0000000000000,00	 0000000000000,00	 0286555114655,00
244500101	 0000000000000,00	 0000000000000,00	 0000000000000,00	 0176471746493,00
244500102	 0000000000000,00	 0000000000000,00	 0000000000000,00	 0109648887305,00
244500103	 0000000000000,00	 0000000000000,00	 0000000000000,00	 0000434480857,00
244500200	 0000000000000,00	 0000000000000,00	 0000000000000,00	 0008239039115,00
244500201	 0000000000000,00	 0000000000000,00	 0000000000000,00	 0000000000000,00
244500202	 0000000000000,00	 0000000000000,00	 0000000000000,00	 0000000000000,00
244500203	 0000000000000,00	 0000000000000,00	 0000000000000,00	 0000000000000,00
244500204	 0000000000000,00	 0000000000000,00	 0000000000000,00	 0000000000000,00
244500209	 0000000000000,00	 0000000000000,00	 0000000000000,00	 0008239039115,00
244700000	 1043918004676,00	 0000000000000,00	 0000000000000,00	 0000000000000,00
244700100	 1043918004676,00	 0000000000000,00	 0000000000000,00	 0000000000000,00
244700200	 0000000000000,00	 0000000000000,00	 0000000000000,00	 0000000000000,00
244900000	 0000000000000,00	 0000000000000,00	 0000000000000,00	 0000000000000,00
244900100	 0000000000000,00	 0000000000000,00	 0000000000000,00	 0000000000000,00
244900200	 0000000000000,00	 0000000000000,00	 0000000000000,00	 0000000000000,00
245000000	 0056309299150,00	 1699920287719,00	 0000000000000,00	 0198970947469,00
245000100	 0000000000000,00	 0000217083744,00	 0000000000000,00	 0000000000000,00
245000101	 0000000000000,00	 0000143145621,00	 0000000000000,00	 0000000000000,00
245000102	 0000000000000,00	 0000073938123,00	 0000000000000,00	 0000000000000,00
245000200	 0056309299150,00	 1699703203975,00	 0000000000000,00	 0198970947469,00
245000201	 0056309299150,00	 1699703203975,00	 0000000000000,00	 0198970947469,00
245000203	 0000000000000,00	 0000000000000,00	 0000000000000,00	 0000000000000,00
246000000	 0009229184357,00	 0000000000000,00	 0042300454614,00	 0034704277652,00
246000100	 0000000000000,00	 0000000000000,00	 0042300454614,00	 0000000000000,00
246000101	 0000000000000,00	 0000000000000,00	 0042300454614,00	 0000000000000,00
246000102	 0000000000000,00	 0000000000000,00	 0000000000000,00	 0000000000000,00
246000200	 0009229184357,00	 0000000000000,00	 0000000000000,00	 0017681246339,00
246000201	 0000000000000,00	 0000000000000,00	 0000000000000,00	 0000000000000,00
246000202	 0000000000000,00	 0000000000000,00	 0000000000000,00	 0000000000000,00
246000203	 0000000000000,00	 0000000000000,00	 0000000000000,00	 0000000000000,00
246000204	 0009229184357,00	 0000000000000,00	 0000000000000,00	 0000000000000,00
246000205	 0000000000000,00	 0000000000000,00	 0000000000000,00	 0000000000000,00
246000206	 0000000000000,00	 0000000000000,00	 0000000000000,00	 0000000000000,00
246000207	 0000000000000,00	 0000000000000,00	 0000000000000,00	 0000000000000,00
246000208	 0000000000000,00	 0000000000000,00	 0000000000000,00	 0017681246339,00
246000290	 0000000000000,00	 0000000000000,00	 0000000000000,00	 0000000000000,00
246000300	 0000000000000,00	 0000000000000,00	 0000000000000,00	 0017023031313,00
246000301	 0000000000000,00	 0000000000000,00	 0000000000000,00	 0000000000000,00
246000302	 0000000000000,00	 0000000000000,00	 0000000000000,00	 0000000000000,00
246000303	 0000000000000,00	 0000000000000,00	 0000000000000,00	 0000000000000,00
246000304	 0000000000000,00	 0000000000000,00	 0000000000000,00	 0000000000000,00
246000305	 0000000000000,00	 0000000000000,00	 0000000000000,00	 0017023031313,00
246000390	 0000000000000,00	 0000000000000,00	 0000000000000,00	 0000000000000,00
250000000	 0000000000000,00	 0077654487509,00	 0000000000000,00	 0000000000000,00
255000000	 0000000000000,00	 0319025038993,00	 0000000000000,00	 0000000000000,00
255000100	 0000000000000,00	 0319025038993,00	 0000000000000,00	 0000000000000,00
255000101	 0000000000000,00	 0000000000000,00	 0000000000000,00	 0000000000000,00
255000102	 0000000000000,00	 0319025038993,00	 0000000000000,00	 0000000000000,00
255000200	 0000000000000,00	 0000000000000,00	 0000000000000,00	 0000000000000,00
255000300	 0000000000000,00	 0000000000000,00	 0000000000000,00	 0000000000000,00
260000000	 0010013036957,00	 0000000000000,00	 0000000000000,00	 0000000000000,00
260000100	 0009998036957,00	 0000000000000,00	 0000000000000,00	 0000000000000,00
260000101	 0009998036957,00	 0000000000000,00	 0000000000000,00	 0000000000000,00
260000102	 0000000000000,00	 0000000000000,00	 0000000000000,00	 0000000000000,00
260000103	 0000000000000,00	 0000000000000,00	 0000000000000,00	 0000000000000,00
260000104	 0000000000000,00	 0000000000000,00	 0000000000000,00	 0000000000000,00
260000105	 0000000000000,00	 0000000000000,00	 0000000000000,00	 0000000000000,00
260000106	 0000000000000,00	 0000000000000,00	 0000000000000,00	 0000000000000,00
260000107	 0000000000000,00	 0000000000000,00	 0000000000000,00	 0000000000000,00
260000109	 0000000000000,00	 0000000000000,00	 0000000000000,00	 0000000000000,00
260000200	 0000000000000,00	 0000000000000,00	 0000000000000,00	 0000000000000,00
260000300	 0000000000000,00	 0000000000000,00	 0000000000000,00	 0000000000000,00
260000400	 0000015000000,00	 0000000000000,00	 0000000000000,00	 0000000000000,00
260000500	 0000000000000,00	 0000000000000,00	 0000000000000,00	 0000000000000,00
260000600	 0000000000000,00	 0000000000000,00	 0000000000000,00	 0000000000000,00
260000900	 0000000000000,00	 0000000000000,00	 0000000000000,00	 0000000000000,00
265000000	 0013569140513,00	 0000000000000,00	 0000000000000,00	 0000000000000,00
265000100	 0013569140513,00	 0000000000000,00	 0000000000000,00	 0000000000000,00
265000101	 0013569140513,00	 0000000000000,00	 0000000000000,00	 0000000000000,00
265000102	 0000000000000,00	 0000000000000,00	 0000000000000,00	 0000000000000,00
265000200	 0000000000000,00	 0000000000000,00	 0000000000000,00	 0000000000000,00
265000300	 0000000000000,00	 0000000000000,00	 0000000000000,00	 0000000000000,00
270000000	 0073979739933,00	 0000000000000,00	 0001105893270,00	 0001020505948,00
271000000	 0008988111210,00	 0000000000000,00	 0001105893270,00	 0001020505948,00
271000100	-0000028007873,00	 0000000000000,00	 0000000000000,00	 0000468801089,00
271000200	 0000019291473,00	 0000000000000,00	 0000000000000,00	 0000238919834,00
271000400	 0006659770024,00	 0000000000000,00	 0001105087554,00	 0000065571567,00
271000500	 0000000000000,00	 0000000000000,00	 0000000000000,00	 0000000000000,00
271000501	 0000000000000,00	 0000000000000,00	 0000000000000,00	 0000000000000,00
271000502	 0000000000000,00	 0000000000000,00	 0000000000000,00	 0000000000000,00
271000503	 0000000000000,00	 0000000000000,00	 0000000000000,00	 0000000000000,00
271000504	 0000000000000,00	 0000000000000,00	 0000000000000,00	 0000000000000,00
271000505	 0000000000000,00	 0000000000000,00	 0000000000000,00	 0000000000000,00
271000600	 0001621012135,00	 0000000000000,00	 0000000805716,00	 0000000000000,00
271000601	 0000000000000,00	 0000000000000,00	 0000000000000,00	 0000000000000,00
271000602	 0001621012135,00	 0000000000000,00	 0000000805716,00	 0000000000000,00
271000700	 0000630173179,00	 0000000000000,00	 0000000000000,00	 0000247213458,00
271000701	 0000375153014,00	 0000000000000,00	 0000000000000,00	 0000011294647,00
271000702	 0000005251663,00	 0000000000000,00	 0000000000000,00	 0000051025938,00
271000703	 0000121707986,00	 0000000000000,00	 0000000000000,00	 0000000000000,00
271000704	 0000128060516,00	 0000000000000,00	 0000000000000,00	 0000184892873,00
271000705	 0000000000000,00	 0000000000000,00	 0000000000000,00	 0000000000000,00
271000800	 0000000000000,00	 0000000000000,00	 0000000000000,00	 0000000000000,00
271000900	 0000085872272,00	 0000000000000,00	 0000000000000,00	 0000000000000,00
272000000	 0000344035045,00	 0000000000000,00	 0000000000000,00	 0000000000000,00
273000000	 0000000000000,00	 0000000000000,00	 0000000000000,00	 0000000000000,00
274000000	 0064647593678,00	 0000000000000,00	 0000000000000,00	 0000000000000,00
274000100	 0052537553304,00	 0000000000000,00	 0000000000000,00	 0000000000000,00
274000200	 0010431111864,00	 0000000000000,00	 0000000000000,00	 0000000000000,00
274000300	 0001678928510,00	 0000000000000,00	 0000000000000,00	 0000000000000,00
275000000	 0000000000000,00	 0000000000000,00	 0000000000000,00	 0000000000000,00
275000100	 0000000000000,00	 0000000000000,00	 0000000000000,00	 0000000000000,00
275000200	 0000000000000,00	 0000000000000,00	 0000000000000,00	 0000000000000,00
275000300	 0000000000000,00	 0000000000000,00	 0000000000000,00	 0000000000000,00
275000400	 0000000000000,00	 0000000000000,00	 0000000000000,00	 0000000000000,00
275000500	 0000000000000,00	 0000000000000,00	 0000000000000,00	 0000000000000,00
275000600	 0000000000000,00	 0000000000000,00	 0000000000000,00	 0000000000000,00
279000000	 0000000000000,00	 0000000000000,00	 0000000000000,00	 0000000000000,00
279000100	 0000000000000,00	 0000000000000,00	 0000000000000,00	 0000000000000,00
279000200	 0000000000000,00	 0000000000000,00	 0000000000000,00	 0000000000000,00
279000300	 0000000000000,00	 0000000000000,00	 0000000000000,00	 0000000000000,00
280000000	 0001584093245,00	 0000000000000,00	 0000000000000,00	 0000000000000,00
285000000	 0000000000000,00	 0000000000000,00	 0000000000000,00	 0000000000000,00
290000000	 0139408906713,00	-0001517004840,00	 0003519167464,00	 0031571401737,00
290000100	 0003229002393,00	 0000000000000,00	 0000000000000,00	 0005518833437,00
290000101	 0000000000000,00	 0000000000000,00	 0000000000000,00	 0000000000000,00
290000102	 0000000000000,00	 0000000000000,00	 0000000000000,00	 0000000000000,00
290000103	 0003229002393,00	 0000000000000,00	 0000000000000,00	 0000000000000,00
290000104	 0000000000000,00	 0000000000000,00	 0000000000000,00	 0005518833437,00
290000200	 0018221186243,00	 0000000000000,00	 0000000000000,00	 0000108736697,00
290000201	 0012880640845,00	 0000000000000,00	 0000000000000,00	 0000050644178,00
290000202	 0005340545398,00	 0000000000000,00	 0000000000000,00	 0000000000000,00
290000203	 0000000000000,00	 0000000000000,00	 0000000000000,00	 0000058092519,00
290000300	 0037611153187,00	 0000000000000,00	 0000000000000,00	 0025316693866,00
290000301	 0000004021698,00	 0000000000000,00	 0000000000000,00	 0000000000000,00
290000302	 0000837677348,00	 0000000000000,00	 0000000000000,00	 0000000000000,00
290000303	 0000000000000,00	 0000000000000,00	 0000000000000,00	 0000000000000,00
290000304	 0000000000000,00	 0000000000000,00	 0000000000000,00	 0000000000000,00
290000305	 0000000000000,00	 0000000000000,00	 0000000000000,00	 0000000000000,00
290000306	 0000000000000,00	 0000000000000,00	 0000000000000,00	 0000000000000,00
290000307	 0000000000000,00	 0000000000000,00	 0000000000000,00	 0000000000000,00
290000308	 0006164238110,00	 0000000000000,00	 0000000000000,00	 0000000000000,00
290000309	 0000000000000,00	 0000000000000,00	 0000000000000,00	 0000000000000,00
290000390	 0030605216031,00	 0000000000000,00	 0000000000000,00	 0025316693866,00
290000400	 0000000000000,00	 0000000000000,00	 0000000000000,00	 0000000000000,00
290000500	 0069140373242,00	 0000000000000,00	 0000000000000,00	 0000000000000,00
290000501	 0069140373242,00	 0000000000000,00	 0000000000000,00	 0000000000000,00
290000502	 0000000000000,00	 0000000000000,00	 0000000000000,00	 0000000000000,00
290000700	 0000000000000,00	 0000000000000,00	 0000000000000,00	 0000000000000,00
290000800	 0003305594253,00	 0000000000000,00	 0003519167464,00	 0000000056375,00
290000801	 0000000000000,00	 0000000000000,00	 0003519167464,00	 0000000000000,00
290000802	 0002942821586,00	 0000000000000,00	 0000000000000,00	 0000000000000,00
290000803	 0000000000000,00	 0000000000000,00	 0000000000000,00	 0000000000000,00
290000809	 0000362772667,00	 0000000000000,00	 0000000000000,00	 0000000056375,00
290000900	 0003599671003,00	 0000000000000,00	 0000000000000,00	 0000000000000,00
290001000	 0000004836970,00	 0000041393670,00	 0000000000000,00	 0000000000000,00
290001100	 0001262674364,00	 0000000000000,00	 0000000000000,00	 0000408629755,00
290001200	 0003034415058,00	-0001558398510,00	 0000000000000,00	 0000218451607,00
295000000	 0000000000000,00	 0000000000000,00	 0000000000000,00	 0000000000000,00
300000000	 0826257950575,00	 0001261288150,00	 0000000000000,00	 0000000000000,00
310000000	 0034132467551,00	 0000000000000,00	 0000000000000,00	 0000000000000,00
311000000	 0032141439995,00	 0000000000000,00	 0000000000000,00	 0000000000000,00
311000100	 0032141439995,00	 0000000000000,00	 0000000000000,00	 0000000000000,00
311000200	 0000000000000,00	 0000000000000,00	 0000000000000,00	 0000000000000,00
311000300	 0000000000000,00	 0000000000000,00	 0000000000000,00	 0000000000000,00
311000400	 0000000000000,00	 0000000000000,00	 0000000000000,00	 0000000000000,00
311000500	 0000000000000,00	 0000000000000,00	 0000000000000,00	 0000000000000,00
311000600	 0000000000000,00	 0000000000000,00	 0000000000000,00	 0000000000000,00
312000000	 0001991027556,00	 0000000000000,00	 0000000000000,00	 0000000000000,00
313000000	 0000000000000,00	 0000000000000,00	 0000000000000,00	 0000000000000,00
320000000	 0002239835292,00	 0000000000000,00	 0000000000000,00	 0000000000000,00
320000100	-0001760549169,00	 0000000000000,00	 0000000000000,00	 0000000000000,00
320000200	 0004000384461,00	 0000000000000,00	 0000000000000,00	 0000000000000,00
320000300	 0000000000000,00	 0000000000000,00	 0000000000000,00	 0000000000000,00
320000400	 0000000000000,00	 0000000000000,00	 0000000000000,00	 0000000000000,00
330000000	-0003120640162,00	 0001261288150,00	 0000000000000,00	 0000000000000,00
331000000	 0000043944114,00	 0000000000000,00	 0000000000000,00	 0000000000000,00
331000100	 0000000000000,00	 0000000000000,00	 0000000000000,00	 0000000000000,00
331000200	 0000043944114,00	 0000000000000,00	 0000000000000,00	 0000000000000,00
331000201	 0000043944114,00	 0000000000000,00	 0000000000000,00	 0000000000000,00
331000202	 0000000000000,00	 0000000000000,00	 0000000000000,00	 0000000000000,00
331000203	 0000000000000,00	 0000000000000,00	 0000000000000,00	 0000000000000,00
331000209	 0000000000000,00	 0000000000000,00	 0000000000000,00	 0000000000000,00
331000300	 0000000000000,00	 0000000000000,00	 0000000000000,00	 0000000000000,00
331000400	 0000000000000,00	 0000000000000,00	 0000000000000,00	 0000000000000,00
331000500	 0000000000000,00	 0000000000000,00	 0000000000000,00	 0000000000000,00
331000900	 0000000000000,00	 0000000000000,00	 0000000000000,00	 0000000000000,00
332000000	-0003164584276,00	 0001261288150,00	 0000000000000,00	 0000000000000,00
332000100	-0002824036475,00	 0000000000000,00	 0000000000000,00	 0000000000000,00
332000200	 0000000000000,00	 0000000000000,00	 0000000000000,00	 0000000000000,00
332000300	 0000000000000,00	 0000000000000,00	 0000000000000,00	 0000000000000,00
332000400	-0000340547801,00	 0001261288150,00	 0000000000000,00	 0000000000000,00
332000500	 0000000000000,00	 0000000000000,00	 0000000000000,00	 0000000000000,00
332000600	 0000000000000,00	 0000000000000,00	 0000000000000,00	 0000000000000,00
332000700	 0000000000000,00	 0000000000000,00	 0000000000000,00	 0000000000000,00
332000900	 0000000000000,00	 0000000000000,00	 0000000000000,00	 0000000000000,00
340000000	 0761309554114,00	 0000000000000,00	 0000000000000,00	 0000000000000,00
340000100	 0761309554114,00	 0000000000000,00	 0000000000000,00	 0000000000000,00
340000200	 0000000000000,00	 0000000000000,00	 0000000000000,00	 0000000000000,00
350000000	 0045200878041,00	 0000000000000,00	 0000000000000,00	 0000000000000,00
360000000	-0013560263412,00	 0000000000000,00	 0000000000000,00	 0000000000000,00
360000100	-0013560263412,00	 0000000000000,00	 0000000000000,00	 0000000000000,00
360000101	-0013560263412,00	 0000000000000,00	 0000000000000,00	 0000000000000,00
360000102	 0000000000000,00	 0000000000000,00	 0000000000000,00	 0000000000000,00
360000200	 0000000000000,00	 0000000000000,00	 0000000000000,00	 0000000000000,00
360000300	 0000000000000,00	 0000000000000,00	 0000000000000,00	 0000000000000,00
365000000	 0000000000000,00	 0000000000000,00	 0000000000000,00	 0000000000000,00
380000000	 0826201831424,00	 0001261288150,00	 0000000000000,00	 0000000000000,00
390000000	 0000056119151,00	 0000000000000,00	 0000000000000,00	 0000000000000,00
500000000	 3246733930852,00	 3802827453397,00	 0093328366144,00	 0922739513627,00
505000000	 3246733930852,00	 3802827453397,00	 0093328366144,00	 0922739513627,00
510000000	 6965648311100,00	 2629236116302,00	 0046968041166,00	 1722139618266,00
