016 BANCO BCI
100000000	 27751242618116,00	 18208749241874,00	 0202566797645,00	 32342198518668,00
105000000	 1670917369806,00	 0000000000000,00	 0000000000000,00	 3342128226432,00
105000100	 0290183691340,00	 0000000000000,00	 0000000000000,00	 0156193248409,00
105000101	 0201038379093,00	 0000000000000,00	 0000000000000,00	 0089288573974,00
105000102	 0089131877000,00	 0000000000000,00	 0000000000000,00	 0023068831984,00
105000103	 0000013435247,00	 0000000000000,00	 0000000000000,00	 0043835842451,00
105000200	 1367217841161,00	 0000000000000,00	 0000000000000,00	 0197954002236,00
105000201	 0367217841161,00	 0000000000000,00	 0000000000000,00	 0197954002236,00
105000202	 0000000000000,00	 0000000000000,00	 0000000000000,00	 0000000000000,00
105000209	 1000000000000,00	 0000000000000,00	 0000000000000,00	 0000000000000,00
105000300	 0000000000000,00	 0000000000000,00	 0000000000000,00	 2210491616237,00
105000301	 0000000000000,00	 0000000000000,00	 0000000000000,00	 0019512362631,00
105000302	 0000000000000,00	 0000000000000,00	 0000000000000,00	 0033517509859,00
105000309	 0000000000000,00	 0000000000000,00	 0000000000000,00	 2157461743747,00
105000400	 0008154642628,00	 0000000000000,00	 0000000000000,00	 0000000000000,00
105000500	 0005361194677,00	 0000000000000,00	 0000000000000,00	 0777489359550,00
107000000	 0190974740713,00	 0000000000000,00	 0000000000000,00	 0506060020828,00
107000100	 0047925364515,00	 0000000000000,00	 0000000000000,00	 0009054926847,00
107000101	 0000066385819,00	 0000000000000,00	 0000000000000,00	 0000985096368,00
107000102	 0047582458147,00	 0000000000000,00	 0000000000000,00	 0007656715542,00
107000103	 0000276520549,00	 0000000000000,00	 0000000000000,00	 0000413114937,00
107000200	 0000000000000,00	 0000000000000,00	 0000000000000,00	 0000000000000,00
107000201	 0000000000000,00	 0000000000000,00	 0000000000000,00	 0000000000000,00
107000202	 0000000000000,00	 0000000000000,00	 0000000000000,00	 0000000000000,00
107000300	 0000000000000,00	 0000000000000,00	 0000000000000,00	 0000000000000,00
107000400	 0143049376198,00	 0000000000000,00	 0000000000000,00	 0497005093981,00
107000401	 0115633381473,00	 0000000000000,00	 0000000000000,00	 0000000000000,00
107000409	 0000000000000,00	 0000000000000,00	 0000000000000,00	 0411179010042,00
107000411	 0025313046448,00	 0000000000000,00	 0000000000000,00	 0000000000000,00
107000419	 0002102948277,00	 0000000000000,00	 0000000000000,00	 0085826083939,00
110000000	 6820979269621,00	 0306495152014,00	 0000000000000,00	 0089143192258,00
111000100	 6395436936187,00	 0000013631681,00	 0000000000000,00	 0052313224883,00
111000101	 1173220578023,00	 0000013631681,00	 0000000000000,00	 0002528346115,00
111000102	 5217631968872,00	 0000000000000,00	 0000000000000,00	 0049784878768,00
111000103	 0000431956146,00	 0000000000000,00	 0000000000000,00	 0000000000000,00
111000104	 0004152433144,00	 0000000000000,00	 0000000000000,00	 0000000000000,00
111000105	 0000000000002,00	 0000000000000,00	 0000000000000,00	 0000000000000,00
111000109	 0000000000000,00	 0000000000000,00	 0000000000000,00	 0000000000000,00
112000000	 0348659215861,00	 0306481520333,00	 0000000000000,00	 0006702374730,00
112000100	 0044763481168,00	 0190208071687,00	 0000000000000,00	 0000000000000,00
112000101	 0037669567128,00	 0000213781868,00	 0000000000000,00	 0000000000000,00
112000102	 0006986814069,00	 0189994289819,00	 0000000000000,00	 0000000000000,00
112000109	 0000107099971,00	 0000000000000,00	 0000000000000,00	 0000000000000,00
112000200	 0303895734693,00	 0116273448646,00	 0000000000000,00	 0006702374730,00
112000201	 0283678502133,00	 0111214590582,00	 0000000000000,00	 0006702374730,00
112000202	 0000281123671,00	 0005058858064,00	 0000000000000,00	 0000000000000,00
112000209	 0019936108889,00	 0000000000000,00	 0000000000000,00	 0000000000000,00
112000300	 0000000000000,00	 0000000000000,00	 0000000000000,00	 0000000000000,00
112000301	 0000000000000,00	 0000000000000,00	 0000000000000,00	 0000000000000,00
112000302	 0000000000000,00	 0000000000000,00	 0000000000000,00	 0000000000000,00
112000303	 0000000000000,00	 0000000000000,00	 0000000000000,00	 0000000000000,00
112000304	 0000000000000,00	 0000000000000,00	 0000000000000,00	 0000000000000,00
112000309	 0000000000000,00	 0000000000000,00	 0000000000000,00	 0000000000000,00
113000000	 0076883117573,00	 0000000000000,00	 0000000000000,00	 0030127592645,00
113000100	 0059358379490,00	 0000000000000,00	 0000000000000,00	 0030127592645,00
113000101	 0059358379490,00	 0000000000000,00	 0000000000000,00	 0000000000000,00
113000102	 0000000000000,00	 0000000000000,00	 0000000000000,00	 0030127592645,00
113000200	 0017524738083,00	 0000000000000,00	 0000000000000,00	 0000000000000,00
113000201	 0009031897874,00	 0000000000000,00	 0000000000000,00	 0000000000000,00
113000202	 0008492840209,00	 0000000000000,00	 0000000000000,00	 0000000000000,00
113000300	 0000000000000,00	 0000000000000,00	 0000000000000,00	 0000000000000,00
113000301	 0000000000000,00	 0000000000000,00	 0000000000000,00	 0000000000000,00
113000302	 0000000000000,00	 0000000000000,00	 0000000000000,00	 0000000000000,00
113000303	 0000000000000,00	 0000000000000,00	 0000000000000,00	 0000000000000,00
113000304	 0000000000000,00	 0000000000000,00	 0000000000000,00	 0000000000000,00
113000400	 0000000000000,00	 0000000000000,00	 0000000000000,00	 0000000000000,00
115000000	 0000000000000,00	 0000000000000,00	 0000000000000,00	 0061662901632,00
115250000	 0000000000000,00	 0000000000000,00	 0000000000000,00	 0000000000000,00
115250100	 0000000000000,00	 0000000000000,00	 0000000000000,00	 0000000000000,00
115250101	 0000000000000,00	 0000000000000,00	 0000000000000,00	 0000000000000,00
115250102	 0000000000000,00	 0000000000000,00	 0000000000000,00	 0000000000000,00
115250109	 0000000000000,00	 0000000000000,00	 0000000000000,00	 0000000000000,00
115250200	 0000000000000,00	 0000000000000,00	 0000000000000,00	 0000000000000,00
115250201	 0000000000000,00	 0000000000000,00	 0000000000000,00	 0000000000000,00
115250202	 0000000000000,00	 0000000000000,00	 0000000000000,00	 0000000000000,00
115250209	 0000000000000,00	 0000000000000,00	 0000000000000,00	 0000000000000,00
115250300	 0000000000000,00	 0000000000000,00	 0000000000000,00	 0000000000000,00
115250301	 0000000000000,00	 0000000000000,00	 0000000000000,00	 0000000000000,00
115250302	 0000000000000,00	 0000000000000,00	 0000000000000,00	 0000000000000,00
115250303	 0000000000000,00	 0000000000000,00	 0000000000000,00	 0000000000000,00
115250304	 0000000000000,00	 0000000000000,00	 0000000000000,00	 0000000000000,00
115250309	 0000000000000,00	 0000000000000,00	 0000000000000,00	 0000000000000,00
115500000	 0000000000000,00	 0000000000000,00	 0000000000000,00	 0061662901632,00
115500100	 0000000000000,00	 0000000000000,00	 0000000000000,00	 0000000000000,00
115500101	 0000000000000,00	 0000000000000,00	 0000000000000,00	 0000000000000,00
115500102	 0000000000000,00	 0000000000000,00	 0000000000000,00	 0000000000000,00
115500300	 0000000000000,00	 0000000000000,00	 0000000000000,00	 0061662901632,00
115500301	 0000000000000,00	 0000000000000,00	 0000000000000,00	 0000000000000,00
115500302	 0000000000000,00	 0000000000000,00	 0000000000000,00	 0061662901632,00
115500303	 0000000000000,00	 0000000000000,00	 0000000000000,00	 0000000000000,00
115500304	 0000000000000,00	 0000000000000,00	 0000000000000,00	 0000000000000,00
115500400	 0000000000000,00	 0000000000000,00	 0000000000000,00	 0000000000000,00
118000000	 0000000000000,00	 0000000000000,00	 0000000000000,00	 0000000000000,00
118250000	 0000000000000,00	 0000000000000,00	 0000000000000,00	 0000000000000,00
118250100	 0000000000000,00	 0000000000000,00	 0000000000000,00	 0000000000000,00
118250101	 0000000000000,00	 0000000000000,00	 0000000000000,00	 0000000000000,00
118250102	 0000000000000,00	 0000000000000,00	 0000000000000,00	 0000000000000,00
118250109	 0000000000000,00	 0000000000000,00	 0000000000000,00	 0000000000000,00
118250200	 0000000000000,00	 0000000000000,00	 0000000000000,00	 0000000000000,00
118250201	 0000000000000,00	 0000000000000,00	 0000000000000,00	 0000000000000,00
118250202	 0000000000000,00	 0000000000000,00	 0000000000000,00	 0000000000000,00
118250209	 0000000000000,00	 0000000000000,00	 0000000000000,00	 0000000000000,00
118250300	 0000000000000,00	 0000000000000,00	 0000000000000,00	 0000000000000,00
118250301	 0000000000000,00	 0000000000000,00	 0000000000000,00	 0000000000000,00
118250302	 0000000000000,00	 0000000000000,00	 0000000000000,00	 0000000000000,00
118250303	 0000000000000,00	 0000000000000,00	 0000000000000,00	 0000000000000,00
118250304	 0000000000000,00	 0000000000000,00	 0000000000000,00	 0000000000000,00
118250309	 0000000000000,00	 0000000000000,00	 0000000000000,00	 0000000000000,00
118500000	 0000000000000,00	 0000000000000,00	 0000000000000,00	 0000000000000,00
118500300	 0000000000000,00	 0000000000000,00	 0000000000000,00	 0000000000000,00
118500301	 0000000000000,00	 0000000000000,00	 0000000000000,00	 0000000000000,00
118500302	 0000000000000,00	 0000000000000,00	 0000000000000,00	 0000000000000,00
118500303	 0000000000000,00	 0000000000000,00	 0000000000000,00	 0000000000000,00
118500304	 0000000000000,00	 0000000000000,00	 0000000000000,00	 0000000000000,00
118500400	 0000000000000,00	 0000000000000,00	 0000000000000,00	 0000000000000,00
120000000	 4400505339314,00	 2002686912491,00	 0000000000000,00	 4383096169742,00
122000000	 4400505339314,00	 2002686912491,00	 0000000000000,00	 4383096169742,00
122000100	 3835305704957,00	 0940403646214,00	 0000000000000,00	 0236344529866,00
122000101	 3267232333377,00	 0000000000000,00	 0000000000000,00	 0000000000000,00
122000102	 0568073371580,00	 0936426667723,00	 0000000000000,00	 0236344529866,00
122000109	 0000000000000,00	 0003976978491,00	 0000000000000,00	 0000000000000,00
122000200	 0565199634357,00	 1062283266277,00	 0000000000000,00	 0000000000000,00
122000201	 0563209143011,00	 1052608793745,00	 0000000000000,00	 0000000000000,00
122000202	 0000000000000,00	 0009674472532,00	 0000000000000,00	 0000000000000,00
122000209	 0001990491346,00	 0000000000000,00	 0000000000000,00	 0000000000000,00
122000300	 0000000000000,00	 0000000000000,00	 0000000000000,00	 4146751639876,00
122000301	 0000000000000,00	 0000000000000,00	 0000000000000,00	 0021356118003,00
122000302	 0000000000000,00	 0000000000000,00	 0000000000000,00	 3229572035068,00
122000303	 0000000000000,00	 0000000000000,00	 0000000000000,00	 0002089175731,00
122000304	 0000000000000,00	 0000000000000,00	 0000000000000,00	 0000000000000,00
122000309	 0000000000000,00	 0000000000000,00	 0000000000000,00	 0893734311074,00
123000000	 0000000000000,00	 0000000000000,00	 0000000000000,00	 0000000000000,00
123000300	 0000000000000,00	 0000000000000,00	 0000000000000,00	 0000000000000,00
123000301	 0000000000000,00	 0000000000000,00	 0000000000000,00	 0000000000000,00
123000302	 0000000000000,00	 0000000000000,00	 0000000000000,00	 0000000000000,00
123000303	 0000000000000,00	 0000000000000,00	 0000000000000,00	 0000000000000,00
123000304	 0000000000000,00	 0000000000000,00	 0000000000000,00	 0000000000000,00
123000400	 0000000000000,00	 0000000000000,00	 0000000000000,00	 0000000000000,00
130000000	 1290860065389,00	 0087977721765,00	 0000000000000,00	 0393783174733,00
130000100	 1290860065389,00	 0087977721765,00	 0000000000000,00	 0393783174733,00
130000101	 0000000000000,00	 0016108349089,00	 0000000000000,00	 0000000000000,00
130000102	 1290860065389,00	 0071869372676,00	 0000000000000,00	 0393783174733,00
130000103	 0000000000000,00	 0000000000000,00	 0000000000000,00	 0000000000000,00
130000104	 0000000000000,00	 0000000000000,00	 0000000000000,00	 0000000000000,00
130000105	 0000000000000,00	 0000000000000,00	 0000000000000,00	 0000000000000,00
130000190	 0000000000000,00	 0000000000000,00	 0000000000000,00	 0000000000000,00
140000000	 11911636274557,00	 15731365577720,00	 0131333708796,00	 21851692116424,00
141000000	 0192510841354,00	 0000000000000,00	 0000000000000,00	 0000000000000,00
141000100	 0000000000000,00	 0000000000000,00	 0000000000000,00	 0000000000000,00
141000101	 0000000000000,00	 0000000000000,00	 0000000000000,00	 0000000000000,00
141000102	 0000000000000,00	 0000000000000,00	 0000000000000,00	 0000000000000,00
141000103	 0000000000000,00	 0000000000000,00	 0000000000000,00	 0000000000000,00
141000200	 0000000000000,00	 0000000000000,00	 0000000000000,00	 0000000000000,00
141000201	 0000000000000,00	 0000000000000,00	 0000000000000,00	 0000000000000,00
141000202	 0000000000000,00	 0000000000000,00	 0000000000000,00	 0000000000000,00
141000203	 0000000000000,00	 0000000000000,00	 0000000000000,00	 0000000000000,00
141000300	 0192510841354,00	 0000000000000,00	 0000000000000,00	 0000000000000,00
141000301	 0192510841354,00	 0000000000000,00	 0000000000000,00	 0000000000000,00
141000302	 0000000000000,00	 0000000000000,00	 0000000000000,00	 0000000000000,00
141000400	 0000000000000,00	 0000000000000,00	 0000000000000,00	 0000000000000,00
141000401	 0000000000000,00	 0000000000000,00	 0000000000000,00	 0000000000000,00
141000402	 0000000000000,00	 0000000000000,00	 0000000000000,00	 0000000000000,00
141000900	 0000000000000,00	 0000000000000,00	 0000000000000,00	 0000000000000,00
141000901	 0000000000000,00	 0000000000000,00	 0000000000000,00	 0000000000000,00
141000902	 0000000000000,00	 0000000000000,00	 0000000000000,00	 0000000000000,00
141000903	 0000000000000,00	 0000000000000,00	 0000000000000,00	 0000000000000,00
141500000	 1181390119452,00	 0000000000000,00	 0000000000000,00	 2392097172737,00
141500100	 1136597847436,00	 0000000000000,00	 0000000000000,00	 0000000000000,00
141500101	 0000000000000,00	 0000000000000,00	 0000000000000,00	 0000000000000,00
141500102	 1136597847436,00	 0000000000000,00	 0000000000000,00	 0000000000000,00
141500109	 0000000000000,00	 0000000000000,00	 0000000000000,00	 0000000000000,00
141500200	 0044810462243,00	 0000000000000,00	 0000000000000,00	 0000000000000,00
141500201	 0043054664259,00	 0000000000000,00	 0000000000000,00	 0000000000000,00
141500202	 0001755797984,00	 0000000000000,00	 0000000000000,00	 0000000000000,00
141500209	 0000000000000,00	 0000000000000,00	 0000000000000,00	 0000000000000,00
141500300	 0000000000000,00	 0000000000000,00	 0000000000000,00	 2407726519230,00
141500301	 0000000000000,00	 0000000000000,00	 0000000000000,00	 0000000000000,00
141500302	 0000000000000,00	 0000000000000,00	 0000000000000,00	 0021016023651,00
141500303	 0000000000000,00	 0000000000000,00	 0000000000000,00	 0000000000000,00
141500304	 0000000000000,00	 0000000000000,00	 0000000000000,00	 0000000000000,00
141500309	 0000000000000,00	 0000000000000,00	 0000000000000,00	 2386710495579,00
141500900	-0000018190227,00	 0000000000000,00	 0000000000000,00	-0015629346493,00
141500901	-0000018190227,00	 0000000000000,00	 0000000000000,00	-0015629346493,00
141500902	 0000000000000,00	 0000000000000,00	 0000000000000,00	 0000000000000,00
141500903	 0000000000000,00	 0000000000000,00	 0000000000000,00	 0000000000000,00
143000000	 0000000000000,00	 0000000000000,00	 0000000000000,00	 0608365395093,00
143100100	 0000000000000,00	 0000000000000,00	 0000000000000,00	 0000000000000,00
143100101	 0000000000000,00	 0000000000000,00	 0000000000000,00	 0000000000000,00
143100102	 0000000000000,00	 0000000000000,00	 0000000000000,00	 0000000000000,00
143100103	 0000000000000,00	 0000000000000,00	 0000000000000,00	 0000000000000,00
143100104	 0000000000000,00	 0000000000000,00	 0000000000000,00	 0000000000000,00
143100105	 0000000000000,00	 0000000000000,00	 0000000000000,00	 0000000000000,00
143100106	 0000000000000,00	 0000000000000,00	 0000000000000,00	 0000000000000,00
143100107	 0000000000000,00	 0000000000000,00	 0000000000000,00	 0000000000000,00
143100190	 0000000000000,00	 0000000000000,00	 0000000000000,00	 0000000000000,00
143150100	 0000000000000,00	 0000000000000,00	 0000000000000,00	 0000000000000,00
143150101	 0000000000000,00	 0000000000000,00	 0000000000000,00	 0000000000000,00
143150102	 0000000000000,00	 0000000000000,00	 0000000000000,00	 0000000000000,00
143150103	 0000000000000,00	 0000000000000,00	 0000000000000,00	 0000000000000,00
143200100	 0000000000000,00	 0000000000000,00	 0000000000000,00	 0609072244921,00
143200101	 0000000000000,00	 0000000000000,00	 0000000000000,00	 0200437049795,00
143200102	 0000000000000,00	 0000000000000,00	 0000000000000,00	 0000000000000,00
143200103	 0000000000000,00	 0000000000000,00	 0000000000000,00	 0000000000000,00
143200104	 0000000000000,00	 0000000000000,00	 0000000000000,00	 0083559239794,00
143200105	 0000000000000,00	 0000000000000,00	 0000000000000,00	 0000000000000,00
143200106	 0000000000000,00	 0000000000000,00	 0000000000000,00	 0325075955332,00
143200107	 0000000000000,00	 0000000000000,00	 0000000000000,00	 0000000000000,00
143200108	 0000000000000,00	 0000000000000,00	 0000000000000,00	 0000000000000,00
143200190	 0000000000000,00	 0000000000000,00	 0000000000000,00	 0000000000000,00
143250100	 0000000000000,00	 0000000000000,00	 0000000000000,00	-0000706849828,00
143250101	 0000000000000,00	 0000000000000,00	 0000000000000,00	-0000706849828,00
143250102	 0000000000000,00	 0000000000000,00	 0000000000000,00	 0000000000000,00
143250103	 0000000000000,00	 0000000000000,00	 0000000000000,00	 0000000000000,00
143300100	 0000000000000,00	 0000000000000,00	 0000000000000,00	 0000000000000,00
143300101	 0000000000000,00	 0000000000000,00	 0000000000000,00	 0000000000000,00
143300102	 0000000000000,00	 0000000000000,00	 0000000000000,00	 0000000000000,00
143300103	 0000000000000,00	 0000000000000,00	 0000000000000,00	 0000000000000,00
143400100	 0000000000000,00	 0000000000000,00	 0000000000000,00	 0000000000000,00
143400101	 0000000000000,00	 0000000000000,00	 0000000000000,00	 0000000000000,00
143400102	 0000000000000,00	 0000000000000,00	 0000000000000,00	 0000000000000,00
143400103	 0000000000000,00	 0000000000000,00	 0000000000000,00	 0000000000000,00
144000000	 10537735313751,00	 15731365577720,00	 0131333708796,00	 18851229548594,00
145000000	 7985450578713,00	 5581215236825,00	 0131333708796,00	 16059919767459,00
145400100	 6404252944387,00	 4942515972399,00	 0000013918226,00	 13788986690667,00
145400101	 6404247974588,00	 4939988433860,00	 0000013918226,00	 1513171053363,00
145400102	 0000000000000,00	 0000000000000,00	 0000000000000,00	 5467156144733,00
145400103	 0000000000000,00	 0000000000000,00	 0000000000000,00	 0000000000000,00
145400104	 0000004969799,00	 0002523649547,00	 0000000000000,00	 0000000000000,00
145400105	 0000000000000,00	 0000003888992,00	 0000000000000,00	 6808659492571,00
145400106	 0000000000000,00	 0000000000000,00	 0000000000000,00	 0000000000000,00
145400200	 0042525414469,00	 0000000000000,00	 0000016288076,00	 1526184565971,00
145400201	 0000000000000,00	 0000000000000,00	 0000000000000,00	 0000000000000,00
145400202	 0040249900997,00	 0000000000000,00	 0000000000000,00	 1020077840265,00
145400203	 0000000000000,00	 0000000000000,00	 0000015893604,00	 0018129007282,00
145400204	 0002275513472,00	 0000000000000,00	 0000000000000,00	 0304067840465,00
145400205	 0000000000000,00	 0000000000000,00	 0000000394472,00	 0033930408262,00
145400290	 0000000000000,00	 0000000000000,00	 0000000000000,00	 0149979469697,00
145400300	 0140375900014,00	 0000000000000,00	 0000000000000,00	 0000000000000,00
145400400	 0062144858628,00	 0000000000000,00	 0000000000000,00	 0006532546183,00
145400401	 0042512201277,00	 0000000000000,00	 0000000000000,00	 0006532546183,00
145400402	 0019632657351,00	 0000000000000,00	 0000000000000,00	 0000000000000,00
145400500	 0790146446446,00	 0001593633586,00	 0000000000000,00	 0333976310955,00
145400501	 0298044981136,00	 0000000000000,00	 0000000000000,00	 0033185651793,00
145400502	 0492101465310,00	 0001593633586,00	 0000000000000,00	 0300790659162,00
145400600	 0534560163210,00	 0515080044047,00	 0131303502494,00	 0404239653683,00
145400601	 0122618284209,00	 0383530406865,00	 0031891182441,00	 0404239653683,00
145400602	 0411941879001,00	 0131549637182,00	 0099412320053,00	 0000000000000,00
145400700	 0002144652488,00	 0122025586793,00	 0000000000000,00	 0000000000000,00
145400701	 0000401044108,00	 0122001371112,00	 0000000000000,00	 0000000000000,00
145400702	 0000000000000,00	 0000013824535,00	 0000000000000,00	 0000000000000,00
145400703	 0001743608380,00	 0000010391146,00	 0000000000000,00	 0000000000000,00
145400900	 0009300199071,00	 0000000000000,00	 0000000000000,00	 0000000000000,00
145400901	 0000000000000,00	 0000000000000,00	 0000000000000,00	 0000000000000,00
145400902	 0004986331854,00	 0000000000000,00	 0000000000000,00	 0000000000000,00
145400990	 0004313867217,00	 0000000000000,00	 0000000000000,00	 0000000000000,00
146000000	 0008513722405,00	 10135787978460,00	 0000000000000,00	 2892288641629,00
146000100	 0000000000000,00	 0001127084049,00	 0000000000000,00	 0000000000000,00
146000200	 0000000000000,00	 0001524693119,00	 0000000000000,00	 2892288641629,00
146000300	 0000000000000,00	 0000000000000,00	 0000000000000,00	 0000000000000,00
146000400	 0008357794760,00	 10045935939140,00	 0000000000000,00	 0000000000000,00
146000401	 0000000000000,00	 0000000000000,00	 0000000000000,00	 0000000000000,00
146000402	 0008357794760,00	 10045935939140,00	 0000000000000,00	 0000000000000,00
146000500	 0000000000000,00	 0000000000000,00	 0000000000000,00	 0000000000000,00
146000900	 0000155927645,00	 0087200262152,00	 0000000000000,00	 0000000000000,00
146000901	 0000155927645,00	 0087200262152,00	 0000000000000,00	 0000000000000,00
146000902	 0000000000000,00	 0000000000000,00	 0000000000000,00	 0000000000000,00
146000903	 0000000000000,00	 0000000000000,00	 0000000000000,00	 0000000000000,00
146000909	 0000000000000,00	 0000000000000,00	 0000000000000,00	 0000000000000,00
148000000	 3259194279516,00	 0014362362435,00	 0000000000000,00	 0078251045702,00
148000100	 1811560211970,00	 0014293608892,00	 0000000000000,00	 0015080604053,00
148000200	 0107221874489,00	 0000000000000,00	 0000000000000,00	 0000000000000,00
148000300	 1339103163944,00	 0000000000000,00	 0000000000000,00	 0029387501641,00
148000301	 0936393577248,00	 0000000000000,00	 0000000000000,00	 0029387501641,00
148000302	 0402709586696,00	 0000000000000,00	 0000000000000,00	 0000000000000,00
148000400	 0000240250768,00	 0000068753543,00	 0000000000000,00	 0000000000000,00
148000900	 0001068778345,00	 0000000000000,00	 0000000000000,00	 0033782940008,00
148000901	 0000000000000,00	 0000000000000,00	 0000000000000,00	 0033035788117,00
148000902	 0001068778345,00	 0000000000000,00	 0000000000000,00	 0000747151891,00
149000000	-0715423266883,00	 0000000000000,00	 0000000000000,00	-0179229906196,00
149500100	-0337024490135,00	 0000000000000,00	 0000000000000,00	-0131969665485,00
149500101	-0044405238946,00	 0000000000000,00	 0000000000000,00	-0089219147591,00
149500102	-0019879555539,00	 0000000000000,00	 0000000000000,00	-0015942405113,00
149500103	-0106817892046,00	 0000000000000,00	 0000000000000,00	-0018192958651,00
149500104	-0035346089873,00	 0000000000000,00	 0000000000000,00	-0005552604259,00
149500105	-0103202615277,00	 0000000000000,00	 0000000000000,00	-0003062549871,00
149500109	-0027373098454,00	 0000000000000,00	 0000000000000,00	 0000000000000,00
149600100	-0044241504597,00	 0000000000000,00	 0000000000000,00	-0043510278381,00
149600101	-0015681256921,00	 0000000000000,00	 0000000000000,00	-0043210817776,00
149600102	-0028560247676,00	 0000000000000,00	 0000000000000,00	-0000299460605,00
149700100	-0334157272151,00	 0000000000000,00	 0000000000000,00	-0003749962330,00
149700101	-0147093480345,00	 0000000000000,00	 0000000000000,00	-0003666646999,00
149700102	-0187063791806,00	 0000000000000,00	 0000000000000,00	-0000083315331,00
150000000	 0036662923630,00	 0000000000000,00	 0000000000000,00	 0110771604347,00
150000100	 0000000000000,00	 0000000000000,00	 0000000000000,00	 0000000000000,00
150000200	 0000000000000,00	 0000000000000,00	 0000000000000,00	 0000000000000,00
150000201	 0000000000000,00	 0000000000000,00	 0000000000000,00	 0000000000000,00
150000202	 0000000000000,00	 0000000000000,00	 0000000000000,00	 0000000000000,00
150000300	 0035745841792,00	 0000000000000,00	 0000000000000,00	 0000000000000,00
150000400	 0000000000000,00	 0000000000000,00	 0000000000000,00	 0000000000000,00
150000500	 0000000000000,00	 0000000000000,00	 0000000000000,00	 0000000000000,00
150000600	 0000000000000,00	 0000000000000,00	 0000000000000,00	 0000000000000,00
150000700	 0000011051901,00	 0000000000000,00	 0000000000000,00	 0000000000000,00
150000800	 0000906029937,00	 0000000000000,00	 0000000000000,00	 0110771604347,00
160000000	 0202376885306,00	 0000000000000,00	 0032301834709,00	 0163703684327,00
160000100	 0005954059825,00	 0000000000000,00	 0012949260267,00	 0128636708901,00
160000200	 0027249358816,00	 0000000000000,00	 0019352574442,00	 0012822621703,00
160000201	 0034889575114,00	 0000000000000,00	 0000000000000,00	 0000000000000,00
160000202	 0000000000000,00	 0000000000000,00	 0000000000000,00	 0000000000000,00
160000203	 0000000000000,00	 0000000000000,00	 0050342500000,00	 0050253897200,00
160000204	 0005118418102,00	 0000000000000,00	 0014498640000,00	 0000000000000,00
160000205	 0002538440057,00	 0000000000000,00	 0000000000000,00	 0000000000000,00
160000206	 0008507939406,00	 0000000000000,00	 0000000000000,00	 0000000000000,00
160000207	 0000000000000,00	 0000000000000,00	 0000000000000,00	 0000000000000,00
160000208	 0000000000000,00	 0000000000000,00	 0000000000000,00	 0000766508107,00
160000209	 0003201770452,00	 0000000000000,00	 0003229974800,00	 0002319782400,00
160000219	-0027006784315,00	 0000000000000,00	-0048718540358,00	-0040517566004,00
160000300	 0169173466665,00	 0000000000000,00	 0000000000000,00	 0022244353723,00
160000301	 0368790376497,00	 0000000000000,00	 0000000000000,00	 0039927105557,00
160000302	 0076894119819,00	 0000000000000,00	 0000000000000,00	 0000000000000,00
160000303	 0000000000000,00	 0000000000000,00	 0000000000000,00	 0000000000000,00
160000309	 0000014989945,00	 0000000000000,00	 0000000000000,00	 0000000000000,00
160000319	-0276526019596,00	 0000000000000,00	 0000000000000,00	-0017682751834,00
170000000	 0194355708672,00	 0000000000000,00	 0000000000000,00	 0052001462780,00
170000100	 0151252510283,00	 0000000000000,00	 0000000000000,00	 0042699120707,00
170000101	 0157715850893,00	 0000000000000,00	 0000000000000,00	 0025857041963,00
170000102	 0039027752294,00	 0000000000000,00	 0000000000000,00	 0021239095779,00
170000119	-0045491092904,00	 0000000000000,00	 0000000000000,00	-0004397017035,00
170000200	 0043103198389,00	 0000000000000,00	 0000000000000,00	 0009302342073,00
170000201	 0116967251233,00	 0000000000000,00	 0000000000000,00	 0021084874326,00
170000209	 0062124858783,00	 0000000000000,00	 0000000000000,00	 0002184305936,00
170000219	-0135988911627,00	 0000000000000,00	 0000000000000,00	-0013966838189,00
175000000	 0018108118763,00	 0080149330505,00	 0000000000000,00	 0052078862708,00
175000100	 0008774435830,00	 0080149330505,00	 0000000000000,00	 0040364940117,00
175000101	 0024551954847,00	 0107245966856,00	 0000000000000,00	 0070496757609,00
175000102	 0000000000000,00	 0000000000000,00	 0000000000000,00	 0000000000000,00
175000119	-0015777519017,00	-0027096636351,00	 0000000000000,00	-0030131817492,00
175000200	 0009333682933,00	 0000000000000,00	 0000000000000,00	 0011713922591,00
175000201	 0048434692606,00	 0000000000000,00	 0000000000000,00	 0019517257116,00
175000219	-0039101009673,00	 0000000000000,00	 0000000000000,00	-0007803334525,00
175000300	 0000000000000,00	 0000000000000,00	 0000000000000,00	 0000000000000,00
175000301	 0000000000000,00	 0000000000000,00	 0000000000000,00	 0000000000000,00
175000309	 0000000000000,00	 0000000000000,00	 0000000000000,00	 0000000000000,00
175000319	 0000000000000,00	 0000000000000,00	 0000000000000,00	 0000000000000,00
175000400	 0000000000000,00	 0000000000000,00	 0000000000000,00	 0000000000000,00
175000401	 0000000000000,00	 0000000000000,00	 0000000000000,00	 0000000000000,00
175000409	 0000000000000,00	 0000000000000,00	 0000000000000,00	 0000000000000,00
175000419	 0000000000000,00	 0000000000000,00	 0000000000000,00	 0000000000000,00
180000000	 0192003504209,00	 0000000000000,00	 0000000000000,00	 0022066869990,00
185000000	 0368609443574,00	 0000000000000,00	 0000000000000,00	 0101132255947,00
190000000	 0415235152585,00	 0000074547379,00	 0038931254140,00	 1212877976520,00
190000100	 0203228181933,00	 0000000000000,00	 0000000000000,00	 0017314926152,00
190000101	 0203228181933,00	 0000000000000,00	 0000000000000,00	 0017314926152,00
190000102	 0000000000000,00	 0000000000000,00	 0000000000000,00	 0000000000000,00
190000103	 0000000000000,00	 0000000000000,00	 0000000000000,00	 0000000000000,00
190000200	 0018494354420,00	 0000000000000,00	 0000000000000,00	 0098212405431,00
190000201	 0008548787727,00	 0000000000000,00	 0000000000000,00	 0000000000000,00
190000202	 0000000000000,00	 0000000000000,00	 0000000000000,00	 0000000000000,00
190000203	 0009945566693,00	 0000000000000,00	 0000000000000,00	 0096123561694,00
190000204	 0000000000000,00	 0000000000000,00	 0000000000000,00	 0002088843737,00
190000300	 0000000000000,00	 0000000000000,00	 0000000000000,00	 0000000000000,00
190000301	 0000000000000,00	 0000000000000,00	 0000000000000,00	 0000000000000,00
190000302	 0000000000000,00	 0000000000000,00	 0000000000000,00	 0000000000000,00
190000303	 0000000000000,00	 0000000000000,00	 0000000000000,00	 0000000000000,00
190000400	 0000000000000,00	 0000000000000,00	 0000000000000,00	 0000000000000,00
190000401	 0000000000000,00	 0000000000000,00	 0000000000000,00	 0000000000000,00
190000402	 0000000000000,00	 0000000000000,00	 0000000000000,00	 0000000000000,00
190000500	 0045900219755,00	 0000074547379,00	 0000659773884,00	 0059680794942,00
190000501	 0000000000000,00	 0000000000000,00	 0000000000000,00	 0000000000000,00
190000502	 0000000000000,00	 0000000000000,00	 0000000000000,00	 0000000000000,00
190000503	 0000231032087,00	 0000000000000,00	 0000000000000,00	 0000000000000,00
190000504	 0001576995598,00	 0000000000000,00	 0000000000000,00	 0000000000000,00
190000505	 0025244064862,00	 0000000000000,00	 0000000000000,00	 0007893615607,00
190000509	 0018848127208,00	 0000074547379,00	 0000659773884,00	 0051787179335,00
190000600	 0000000000000,00	 0000000000000,00	 0000000000000,00	 0000000000000,00
190000700	 0000000000000,00	 0000000000000,00	 0000000000000,00	 0000000000000,00
190000701	 0000000000000,00	 0000000000000,00	 0000000000000,00	 0000000000000,00
190000702	 0000000000000,00	 0000000000000,00	 0000000000000,00	 0000000000000,00
190000800	 0019429985107,00	 0000000000000,00	 0000000000000,00	 0000000000000,00
190000900	 0077786676552,00	 0000000000000,00	 0000000000000,00	 0016711728991,00
190001000	 0004601786100,00	 0000000000000,00	 0000000000000,00	 0000000000000,00
190001100	 0000000000000,00	 0000000000000,00	 0000000000000,00	 0418427502109,00
190001200	 0000000000000,00	 0000000000000,00	 0000000000000,00	 0000000000000,00
190001300	 0000000000000,00	 0000000000000,00	 0000000000000,00	 0007404634523,00
190001400	 0013078572788,00	 0000000000000,00	 0000000000000,00	 0543642460479,00
190001500	 0023638936809,00	 0000000000000,00	 0000000000000,00	 0044404679887,00
190002900	 0009076439121,00	 0000000000000,00	 0038271480256,00	 0007078844006,00
192500100	 0000000000000,00	 0000000000000,00	 0000000000000,00	 0000000000000,00
192500101	 0000000000000,00	 0000000000000,00	 0000000000000,00	 0000000000000,00
192500102	 0000000000000,00	 0000000000000,00	 0000000000000,00	 0000000000000,00
192500103	 0000000000000,00	 0000000000000,00	 0000000000000,00	 0000000000000,00
195000000	 0038017821977,00	 0000000000000,00	 0000000000000,00	 0000000000000,00
195000100	 0007085675914,00	 0000000000000,00	 0000000000000,00	 0000000000000,00
195000101	 0000732795000,00	 0000000000000,00	 0000000000000,00	 0000000000000,00
195000102	 0006661505751,00	 0000000000000,00	 0000000000000,00	 0000000000000,00
195000103	-0000308624837,00	 0000000000000,00	 0000000000000,00	 0000000000000,00
195000200	 0030932146063,00	 0000000000000,00	 0000000000000,00	 0000000000000,00
195000201	 0000000000000,00	 0000000000000,00	 0000000000000,00	 0000000000000,00
195000202	 0000000000000,00	 0000000000000,00	 0000000000000,00	 0000000000000,00
195000203	 0000000000000,00	 0000000000000,00	 0000000000000,00	 0000000000000,00
195000204	 0030932146063,00	 0000000000000,00	 0000000000000,00	 0000000000000,00
195000219	 0000000000000,00	 0000000000000,00	 0000000000000,00	 0000000000000,00
195000300	 0000000000000,00	 0000000000000,00	 0000000000000,00	 0000000000000,00
200000000	 31196928421918,00	 9459742262704,00	 0002814756430,00	 32971663472488,00
207000000	 0514395803684,00	 0000000000000,00	 0000000000000,00	 0378851918599,00
207000100	 0000000000000,00	 0000000000000,00	 0000000000000,00	 0000000000000,00
207000101	 0000000000000,00	 0000000000000,00	 0000000000000,00	 0000000000000,00
207000102	 0000000000000,00	 0000000000000,00	 0000000000000,00	 0000000000000,00
207000200	 0000000000000,00	 0000000000000,00	 0000000000000,00	 0000000000000,00
207000300	 0514395803684,00	 0000000000000,00	 0000000000000,00	 0378851918599,00
207000301	 0178704912292,00	 0000000000000,00	 0000000000000,00	 0000000000000,00
207000309	 0247908273939,00	 0000000000000,00	 0000000000000,00	 0353735912163,00
207000311	 0087782617453,00	 0000000000000,00	 0000000000000,00	 0000000000000,00
207000319	 0000000000000,00	 0000000000000,00	 0000000000000,00	 0025116006436,00
210000000	 5971791144490,00	 0000029530777,00	 0000000000000,00	 0034470497557,00
211000100	 5971791144490,00	 0000029530777,00	 0000000000000,00	 0034470497557,00
211000101	 1320559883919,00	 0000029530777,00	 0000000000000,00	 0000914054942,00
211000102	 4645986915356,00	 0000000000000,00	 0000000000000,00	 0033556442615,00
211000103	 0000642209811,00	 0000000000000,00	 0000000000000,00	 0000000000000,00
211000104	 0004356947291,00	 0000000000000,00	 0000000000000,00	 0000000000000,00
211000105	 0000245188113,00	 0000000000000,00	 0000000000000,00	 0000000000000,00
211000190	 0000000000000,00	 0000000000000,00	 0000000000000,00	 0000000000000,00
213000100	 0000000000000,00	 0000000000000,00	 0000000000000,00	 0000000000000,00
213000101	 0000000000000,00	 0000000000000,00	 0000000000000,00	 0000000000000,00
213000102	 0000000000000,00	 0000000000000,00	 0000000000000,00	 0000000000000,00
213000103	 0000000000000,00	 0000000000000,00	 0000000000000,00	 0000000000000,00
213000109	 0000000000000,00	 0000000000000,00	 0000000000000,00	 0000000000000,00
218000000	 0000000000000,00	 0000000000000,00	 0000000000000,00	 0000000000000,00
218000001	 0000000000000,00	 0000000000000,00	 0000000000000,00	 0000000000000,00
218000002	 0000000000000,00	 0000000000000,00	 0000000000000,00	 0000000000000,00
218000003	 0000000000000,00	 0000000000000,00	 0000000000000,00	 0000000000000,00
218000009	 0000000000000,00	 0000000000000,00	 0000000000000,00	 0000000000000,00
230000000	 0837714614713,00	 1427203725818,00	 0000000000000,00	 0418901617776,00
230000100	 0837714614713,00	 1427203725818,00	 0000000000000,00	 0418901617776,00
230000101	 0000000000000,00	 0042851370279,00	 0000000000000,00	 0000000000000,00
230000102	 0837714614713,00	 1384352355539,00	 0000000000000,00	 0418901617776,00
230000103	 0000000000000,00	 0000000000000,00	 0000000000000,00	 0000000000000,00
230000104	 0000000000000,00	 0000000000000,00	 0000000000000,00	 0000000000000,00
230000105	 0000000000000,00	 0000000000000,00	 0000000000000,00	 0000000000000,00
230000190	 0000000000000,00	 0000000000000,00	 0000000000000,00	 0000000000000,00
240000000	 22852318302300,00	 6222710729917,00	 0000008198413,00	 31217963635178,00
241000000	 8019736100068,00	 0078052280430,00	 0000000000000,00	 15706400522845,00
241000100	 6317788292492,00	 0000000000000,00	 0000000000000,00	 13937936098618,00
241000101	 0002794318626,00	 0000000000000,00	 0000000000000,00	 0017238091085,00
241000102	 0000570546431,00	 0000000000000,00	 0000000000000,00	 0001824551487,00
241000103	 4524088544231,00	 0000000000000,00	 0000000000000,00	 12868885332098,00
241000104	 1790334883204,00	 0000000000000,00	 0000000000000,00	 1049988123948,00
241000200	 0707492775670,00	 0000000000000,00	 0000000000000,00	 0000000000000,00
241000201	 0000000000000,00	 0000000000000,00	 0000000000000,00	 0000000000000,00
241000202	 0707492775670,00	 0000000000000,00	 0000000000000,00	 0000000000000,00
241000300	 0270210080270,00	 0000000000000,00	 0000000000000,00	 0000000000000,00
241000301	 0270210080270,00	 0000000000000,00	 0000000000000,00	 0000000000000,00
241000400	 0019920022776,00	 0000000000000,00	 0000000000000,00	 0000000000000,00
241000401	 0019920022776,00	 0000000000000,00	 0000000000000,00	 0000000000000,00
241000402	 0000000000000,00	 0000000000000,00	 0000000000000,00	 0000000000000,00
241000500	 0704324928860,00	 0078052280430,00	 0000000000000,00	 1768464424227,00
241000501	 0000000000000,00	 0000000000000,00	 0000000000000,00	 0000000000000,00
241000502	 0000000000000,00	 0000000000000,00	 0000000000000,00	 0000000000000,00
241000503	 0000000000000,00	 0000000000000,00	 0000000000000,00	 0000000000000,00
241000504	 0000000000000,00	 0000000000000,00	 0000000000000,00	 0000000000000,00
241000505	 0066679392502,00	 0078052280430,00	 0000000000000,00	 0011538696175,00
241000506	 0480062631383,00	 0000000000000,00	 0000000000000,00	 0000000000000,00
241000507	 0001108206104,00	 0000000000000,00	 0000000000000,00	 0026797440409,00
241000508	 0014072910091,00	 0000000000000,00	 0000000000000,00	 0000620007555,00
241000509	 0026897286991,00	 0000000000000,00	 0000000000000,00	 0005928310845,00
241000510	 0037450328377,00	 0000000000000,00	 0000000000000,00	 0001069658964,00
241000511	 0007854663315,00	 0000000000000,00	 0000000000000,00	 0004318037120,00
241000512	 0000000000000,00	 0000000000000,00	 0000000000000,00	 0000000000000,00
241000513	 0000163876036,00	 0000000000000,00	 0000000000000,00	 0000000000000,00
241000590	 0070035634061,00	 0000000000000,00	 0000000000000,00	 1718192273159,00
242000000	 9294096825702,00	 1058689621225,00	 0000000000000,00	 9197089082139,00
242000100	 9292399383499,00	 0989537393041,00	 0000000000000,00	 9197089082139,00
242000200	 0000000000000,00	 0068312117023,00	 0000000000000,00	 0000000000000,00
242000201	 0000000000000,00	 0046971450612,00	 0000000000000,00	 0000000000000,00
242000202	 0000000000000,00	 0021340666411,00	 0000000000000,00	 0000000000000,00
242000300	 0001697442203,00	 0000840111161,00	 0000000000000,00	 0000000000000,00
242000301	 0001697442203,00	 0000840111161,00	 0000000000000,00	 0000000000000,00
242000302	 0000000000000,00	 0000000000000,00	 0000000000000,00	 0000000000000,00
242000390	 0000000000000,00	 0000000000000,00	 0000000000000,00	 0000000000000,00
243000000	 0093459790241,00	 0000000000000,00	 0000000000000,00	 0681796726010,00
243000100	 0035111999996,00	 0000000000000,00	 0000000000000,00	 0000000000000,00
243000101	 0035111999996,00	 0000000000000,00	 0000000000000,00	 0000000000000,00
243000102	 0000000000000,00	 0000000000000,00	 0000000000000,00	 0000000000000,00
243000103	 0000000000000,00	 0000000000000,00	 0000000000000,00	 0000000000000,00
243000200	 0000000000000,00	 0000000000000,00	 0000000000000,00	 0000000000000,00
243000201	 0000000000000,00	 0000000000000,00	 0000000000000,00	 0000000000000,00
243000202	 0000000000000,00	 0000000000000,00	 0000000000000,00	 0000000000000,00
243000203	 0000000000000,00	 0000000000000,00	 0000000000000,00	 0000000000000,00
243000300	 0057900625544,00	 0000000000000,00	 0000000000000,00	 0278273311820,00
243000301	 0057900625544,00	 0000000000000,00	 0000000000000,00	 0278273311820,00
243000302	 0000000000000,00	 0000000000000,00	 0000000000000,00	 0000000000000,00
243000400	 0000447164701,00	 0000000000000,00	 0000000000000,00	 0403523414190,00
243000401	 0000447164701,00	 0000000000000,00	 0000000000000,00	 0403523414190,00
243000402	 0000000000000,00	 0000000000000,00	 0000000000000,00	 0000000000000,00
244000000	 4889856882041,00	 0000000000000,00	 0000000000000,00	 1706518373374,00
244250000	 0369805828992,00	 0000000000000,00	 0000000000000,00	 0000000000000,00
244250100	 0000000000000,00	 0000000000000,00	 0000000000000,00	 0000000000000,00
244250101	 0000000000000,00	 0000000000000,00	 0000000000000,00	 0000000000000,00
244250102	 0000000000000,00	 0000000000000,00	 0000000000000,00	 0000000000000,00
244250103	 0000000000000,00	 0000000000000,00	 0000000000000,00	 0000000000000,00
244250200	 0369805828992,00	 0000000000000,00	 0000000000000,00	 0000000000000,00
244250201	 0000000000000,00	 0000000000000,00	 0000000000000,00	 0000000000000,00
244250202	 0369803286992,00	 0000000000000,00	 0000000000000,00	 0000000000000,00
244250203	 0000000000000,00	 0000000000000,00	 0000000000000,00	 0000000000000,00
244250204	 0000000000000,00	 0000000000000,00	 0000000000000,00	 0000000000000,00
244250209	 0000002542000,00	 0000000000000,00	 0000000000000,00	 0000000000000,00
244500000	 0000000000000,00	 0000000000000,00	 0000000000000,00	 1706518373374,00
244500100	 0000000000000,00	 0000000000000,00	 0000000000000,00	 0664296259566,00
244500101	 0000000000000,00	 0000000000000,00	 0000000000000,00	 0616620803254,00
244500102	 0000000000000,00	 0000000000000,00	 0000000000000,00	 0046497746179,00
244500103	 0000000000000,00	 0000000000000,00	 0000000000000,00	 0001177710133,00
244500200	 0000000000000,00	 0000000000000,00	 0000000000000,00	 1042222113808,00
244500201	 0000000000000,00	 0000000000000,00	 0000000000000,00	 0000169178645,00
244500202	 0000000000000,00	 0000000000000,00	 0000000000000,00	 1019346557869,00
244500203	 0000000000000,00	 0000000000000,00	 0000000000000,00	 0022706377294,00
244500204	 0000000000000,00	 0000000000000,00	 0000000000000,00	 0000000000000,00
244500209	 0000000000000,00	 0000000000000,00	 0000000000000,00	 0000000000000,00
244700000	 4520051053049,00	 0000000000000,00	 0000000000000,00	 0000000000000,00
244700100	 4520051053049,00	 0000000000000,00	 0000000000000,00	 0000000000000,00
244700200	 0000000000000,00	 0000000000000,00	 0000000000000,00	 0000000000000,00
244900000	 0000000000000,00	 0000000000000,00	 0000000000000,00	 0000000000000,00
244900100	 0000000000000,00	 0000000000000,00	 0000000000000,00	 0000000000000,00
244900200	 0000000000000,00	 0000000000000,00	 0000000000000,00	 0000000000000,00
245000000	 0482377198317,00	 5085945008529,00	 0000000000000,00	 2388919389972,00
245000100	 0000000000000,00	 0001160395092,00	 0000000000000,00	 0000000000000,00
245000101	 0000000000000,00	 0000994650215,00	 0000000000000,00	 0000000000000,00
245000102	 0000000000000,00	 0000165744877,00	 0000000000000,00	 0000000000000,00
245000200	 0482377198317,00	 5084784613437,00	 0000000000000,00	 2388919389972,00
245000201	 0482377198317,00	 5084784613437,00	 0000000000000,00	 2388919389972,00
245000203	 0000000000000,00	 0000000000000,00	 0000000000000,00	 0000000000000,00
246000000	 0072791505931,00	 0000023819733,00	 0000008198413,00	 1537239540838,00
246000100	 0000000000000,00	 0000023819733,00	 0000008198413,00	 0001006850000,00
246000101	 0000000000000,00	 0000023819733,00	 0000008198413,00	 0001006850000,00
246000102	 0000000000000,00	 0000000000000,00	 0000000000000,00	 0000000000000,00
246000200	 0072791505931,00	 0000000000000,00	 0000000000000,00	 0007987765103,00
246000201	 0000010297087,00	 0000000000000,00	 0000000000000,00	 0000000000000,00
246000202	 0000000000000,00	 0000000000000,00	 0000000000000,00	 0000000000000,00
246000203	 0000000000000,00	 0000000000000,00	 0000000000000,00	 0000000000000,00
246000204	 0072781208844,00	 0000000000000,00	 0000000000000,00	 0002505451710,00
246000205	 0000000000000,00	 0000000000000,00	 0000000000000,00	 0000000000000,00
246000206	 0000000000000,00	 0000000000000,00	 0000000000000,00	 0000000000000,00
246000207	 0000000000000,00	 0000000000000,00	 0000000000000,00	 0000000000000,00
246000208	 0000000000000,00	 0000000000000,00	 0000000000000,00	 0005482313393,00
246000290	 0000000000000,00	 0000000000000,00	 0000000000000,00	 0000000000000,00
246000300	 0000000000000,00	 0000000000000,00	 0000000000000,00	 1528244925735,00
246000301	 0000000000000,00	 0000000000000,00	 0000000000000,00	 0000000000000,00
246000302	 0000000000000,00	 0000000000000,00	 0000000000000,00	 0001408790062,00
246000303	 0000000000000,00	 0000000000000,00	 0000000000000,00	 0000000000000,00
246000304	 0000000000000,00	 0000000000000,00	 0000000000000,00	 0000000000000,00
246000305	 0000000000000,00	 0000000000000,00	 0000000000000,00	 1526836135673,00
246000390	 0000000000000,00	 0000000000000,00	 0000000000000,00	 0000000000000,00
250000000	 0000000000000,00	 0093758968242,00	 0000000000000,00	 0042386563427,00
255000000	 0000000000000,00	 1536240904468,00	 0000000000000,00	 0000000000000,00
255000100	 0000000000000,00	 1536240904468,00	 0000000000000,00	 0000000000000,00
255000101	 0000000000000,00	 0000000000000,00	 0000000000000,00	 0000000000000,00
255000102	 0000000000000,00	 1536240904468,00	 0000000000000,00	 0000000000000,00
255000200	 0000000000000,00	 0000000000000,00	 0000000000000,00	 0000000000000,00
255000300	 0000000000000,00	 0000000000000,00	 0000000000000,00	 0000000000000,00
260000000	 0107855063775,00	 0000000000000,00	 0000000000000,00	 0033497815251,00
260000100	 0049442350166,00	 0000000000000,00	 0000000000000,00	 0033497815251,00
260000101	 0042781323624,00	 0000000000000,00	 0000000000000,00	 0009701223828,00
260000102	 0000000000000,00	 0000000000000,00	 0000000000000,00	 0000000000000,00
260000103	 0000000000000,00	 0000000000000,00	 0000000000000,00	 0000000000000,00
260000104	 0000605387965,00	 0000000000000,00	 0000000000000,00	 0000000000000,00
260000105	 0000000000000,00	 0000000000000,00	 0000000000000,00	 0000000000000,00
260000106	 0000000000000,00	 0000000000000,00	 0000000000000,00	 0000000000000,00
260000107	 0000000000000,00	 0000000000000,00	 0000000000000,00	 0000000000000,00
260000109	 0006055638577,00	 0000000000000,00	 0000000000000,00	 0023796591423,00
260000200	 0000000000000,00	 0000000000000,00	 0000000000000,00	 0000000000000,00
260000300	 0000000000000,00	 0000000000000,00	 0000000000000,00	 0000000000000,00
260000400	 0001159595426,00	 0000000000000,00	 0000000000000,00	 0000000000000,00
260000500	 0008558839237,00	 0000000000000,00	 0000000000000,00	 0000000000000,00
260000600	 0000580634462,00	 0000000000000,00	 0000000000000,00	 0000000000000,00
260000900	 0048113644484,00	 0000000000000,00	 0000000000000,00	 0000000000000,00
265000000	 0068872647299,00	 0000000000000,00	 0000000000000,00	 0000000000000,00
265000100	 0068872647299,00	 0000000000000,00	 0000000000000,00	 0000000000000,00
265000101	 0068872647299,00	 0000000000000,00	 0000000000000,00	 0000000000000,00
265000102	 0000000000000,00	 0000000000000,00	 0000000000000,00	 0000000000000,00
265000200	 0000000000000,00	 0000000000000,00	 0000000000000,00	 0000000000000,00
265000300	 0000000000000,00	 0000000000000,00	 0000000000000,00	 0000000000000,00
270000000	 0455491521104,00	 0000000000000,00	 0000000000000,00	 0027230459501,00
271000000	 0036069674797,00	 0000000000000,00	 0000000000000,00	 0023183082259,00
271000100	 0000000000000,00	 0000000000000,00	 0000000000000,00	 0002326127658,00
271000200	 0000000000000,00	 0000000000000,00	 0000000000000,00	 0000343163520,00
271000400	 0019680229269,00	 0000000000000,00	 0000000000000,00	 0001810435871,00
271000500	 0009911464106,00	 0000000000000,00	 0000000000000,00	 0013011460391,00
271000501	 0007031881697,00	 0000000000000,00	 0000000000000,00	 0010677696671,00
271000502	 0001324954635,00	 0000000000000,00	 0000000000000,00	 0002333763720,00
271000503	 0001547523290,00	 0000000000000,00	 0000000000000,00	 0000000000000,00
271000504	 0000007104484,00	 0000000000000,00	 0000000000000,00	 0000000000000,00
271000505	 0000000000000,00	 0000000000000,00	 0000000000000,00	 0000000000000,00
271000600	 0002393111040,00	 0000000000000,00	 0000000000000,00	 0002117057615,00
271000601	 0000002839437,00	 0000000000000,00	 0000000000000,00	 0000000000000,00
271000602	 0002390271603,00	 0000000000000,00	 0000000000000,00	 0002117057615,00
271000700	 0004084870382,00	 0000000000000,00	 0000000000000,00	 0003574837204,00
271000701	 0000000000000,00	 0000000000000,00	 0000000000000,00	 0000000000000,00
271000702	 0000000000000,00	 0000000000000,00	 0000000000000,00	 0000000000000,00
271000703	 0000070228760,00	 0000000000000,00	 0000000000000,00	 0000000000000,00
271000704	 0004014641622,00	 0000000000000,00	 0000000000000,00	 0003574837204,00
271000705	 0000000000000,00	 0000000000000,00	 0000000000000,00	 0000000000000,00
271000800	 0000000000000,00	 0000000000000,00	 0000000000000,00	 0000000000000,00
271000900	 0000000000000,00	 0000000000000,00	 0000000000000,00	 0000000000000,00
272000000	 0000982598766,00	 0000000000000,00	 0000000000000,00	 0004047377242,00
273000000	 0000000000000,00	 0000000000000,00	 0000000000000,00	 0000000000000,00
274000000	 0409000058856,00	 0000000000000,00	 0000000000000,00	 0000000000000,00
274000100	 0199400058856,00	 0000000000000,00	 0000000000000,00	 0000000000000,00
274000200	 0022800000000,00	 0000000000000,00	 0000000000000,00	 0000000000000,00
274000300	 0186800000000,00	 0000000000000,00	 0000000000000,00	 0000000000000,00
275000000	 0009439188685,00	 0000000000000,00	 0000000000000,00	 0000000000000,00
275000100	 0000087189929,00	 0000000000000,00	 0000000000000,00	 0000000000000,00
275000200	 0009351998756,00	 0000000000000,00	 0000000000000,00	 0000000000000,00
275000300	 0000000000000,00	 0000000000000,00	 0000000000000,00	 0000000000000,00
275000400	 0000000000000,00	 0000000000000,00	 0000000000000,00	 0000000000000,00
275000500	 0000000000000,00	 0000000000000,00	 0000000000000,00	 0000000000000,00
275000600	 0000000000000,00	 0000000000000,00	 0000000000000,00	 0000000000000,00
279000000	 0000000000000,00	 0000000000000,00	 0000000000000,00	 0000000000000,00
279000100	 0000000000000,00	 0000000000000,00	 0000000000000,00	 0000000000000,00
279000200	 0000000000000,00	 0000000000000,00	 0000000000000,00	 0000000000000,00
279000300	 0000000000000,00	 0000000000000,00	 0000000000000,00	 0000000000000,00
280000000	 0000378869861,00	 0000000000000,00	 0000000000000,00	 0000233589190,00
285000000	 0002159871709,00	 0000000000000,00	 0000000000000,00	 0000000000000,00
290000000	 0385950582983,00	 0179798403482,00	 0002806558017,00	 0818127376009,00
290000100	 0032304182885,00	 0000000000000,00	 0000000000000,00	 0711846141152,00
290000101	 0013334965853,00	 0000000000000,00	 0000000000000,00	 0000000000000,00
290000102	 0000000000000,00	 0000000000000,00	 0000000000000,00	 0059223236840,00
290000103	 0018969217032,00	 0000000000000,00	 0000000000000,00	 0481206791538,00
290000104	 0000000000000,00	 0000000000000,00	 0000000000000,00	 0171416112774,00
290000200	 0000000000000,00	 0000000000000,00	 0000000000000,00	 0000000000000,00
290000201	 0000000000000,00	 0000000000000,00	 0000000000000,00	 0000000000000,00
290000202	 0000000000000,00	 0000000000000,00	 0000000000000,00	 0000000000000,00
290000203	 0000000000000,00	 0000000000000,00	 0000000000000,00	 0000000000000,00
290000300	 0259485734229,00	 0179763103697,00	 0002806558017,00	 0092637368344,00
290000301	 0029734032345,00	 0000000000000,00	 0000000000000,00	 0000198501357,00
290000302	 0008364452957,00	 0000000000000,00	 0000000000000,00	 0000069862845,00
290000303	 0000033591613,00	 0000000000000,00	 0000000000000,00	 0000000000000,00
290000304	 0000000000000,00	 0000000000000,00	 0000000000000,00	 0000000000000,00
290000305	 0007957076117,00	 0000000000000,00	 0000000000000,00	 0003620292655,00
290000306	 0001435393874,00	 0000000000000,00	 0000000000000,00	 0000000000000,00
290000307	 0026540748259,00	 0013988755143,00	 0002733424303,00	 0000484156514,00
290000308	 0040232756975,00	 0014534554205,00	 0000000000000,00	 0001491556869,00
290000309	 0000000000000,00	 0000000000000,00	 0000000000000,00	 0000000000000,00
290000390	 0145187682089,00	 0151239794349,00	 0000073133714,00	 0086772998104,00
290000400	 0000000000000,00	 0000000000000,00	 0000000000000,00	 0000000000000,00
290000500	 0000000000000,00	 0000000000000,00	 0000000000000,00	 0000000000000,00
290000501	 0000000000000,00	 0000000000000,00	 0000000000000,00	 0000000000000,00
290000502	 0000000000000,00	 0000000000000,00	 0000000000000,00	 0000000000000,00
290000700	 0015972592000,00	 0000000000000,00	 0000000000000,00	 0000000000000,00
290000800	 0025845637940,00	 0000000000000,00	 0000000000000,00	 0009269830899,00
290000801	 0000000000000,00	 0000000000000,00	 0000000000000,00	 0000000000000,00
290000802	 0000000000000,00	 0000000000000,00	 0000000000000,00	 0000000000000,00
290000803	 0000000000000,00	 0000000000000,00	 0000000000000,00	 0000000000000,00
290000809	 0025845637940,00	 0000000000000,00	 0000000000000,00	 0009269830899,00
290000900	 0016025697212,00	 0000000000000,00	 0000000000000,00	 0000000000000,00
290001000	 0000000000000,00	 0000000000000,00	 0000000000000,00	 0000001308615,00
290001100	 0029809007989,00	 0000000000000,00	 0000000000000,00	 0000514565530,00
290001200	 0006507730728,00	 0000035299785,00	 0000000000000,00	 0003858161469,00
295000000	 0000000000000,00	 0000000000000,00	 0000000000000,00	 0000000000000,00
300000000	 4872276939898,00	 0000000000000,00	 0000000000000,00	 0001331322865,00
310000000	 4225332300059,00	 0000000000000,00	 0000000000000,00	 0000000000000,00
311000000	 4225332300059,00	 0000000000000,00	 0000000000000,00	 0000000000000,00
311000100	 4225332300059,00	 0000000000000,00	 0000000000000,00	 0000000000000,00
311000200	 0000000000000,00	 0000000000000,00	 0000000000000,00	 0000000000000,00
311000300	 0000000000000,00	 0000000000000,00	 0000000000000,00	 0000000000000,00
311000400	 0000000000000,00	 0000000000000,00	 0000000000000,00	 0000000000000,00
311000500	 0000000000000,00	 0000000000000,00	 0000000000000,00	 0000000000000,00
311000600	 0000000000000,00	 0000000000000,00	 0000000000000,00	 0000000000000,00
312000000	 0000000000000,00	 0000000000000,00	 0000000000000,00	 0000000000000,00
313000000	 0000000000000,00	 0000000000000,00	 0000000000000,00	 0000000000000,00
320000000	 0540925430023,00	 0000000000000,00	 0000000000000,00	 0000000000000,00
320000100	 0000000000000,00	 0000000000000,00	 0000000000000,00	 0000000000000,00
320000200	 0540925430023,00	 0000000000000,00	 0000000000000,00	 0000000000000,00
320000300	 0000000000000,00	 0000000000000,00	 0000000000000,00	 0000000000000,00
320000400	 0000000000000,00	 0000000000000,00	 0000000000000,00	 0000000000000,00
330000000	-0054685989404,00	 0000000000000,00	 0000000000000,00	 0000000000000,00
331000000	-0000047348148,00	 0000000000000,00	 0000000000000,00	 0000000000000,00
331000100	-0000132339931,00	 0000000000000,00	 0000000000000,00	 0000000000000,00
331000200	 0000084991783,00	 0000000000000,00	 0000000000000,00	 0000000000000,00
331000201	 0000084991783,00	 0000000000000,00	 0000000000000,00	 0000000000000,00
331000202	 0000000000000,00	 0000000000000,00	 0000000000000,00	 0000000000000,00
331000203	 0000000000000,00	 0000000000000,00	 0000000000000,00	 0000000000000,00
331000209	 0000000000000,00	 0000000000000,00	 0000000000000,00	 0000000000000,00
331000300	 0000000000000,00	 0000000000000,00	 0000000000000,00	 0000000000000,00
331000400	 0000000000000,00	 0000000000000,00	 0000000000000,00	 0000000000000,00
331000500	 0000000000000,00	 0000000000000,00	 0000000000000,00	 0000000000000,00
331000900	 0000000000000,00	 0000000000000,00	 0000000000000,00	 0000000000000,00
332000000	-0054638641256,00	 0000000000000,00	 0000000000000,00	 0000000000000,00
332000100	-0437360519388,00	 0000000000000,00	 0000000000000,00	 0000000000000,00
332000200	 0293112710348,00	 0000000000000,00	 0000000000000,00	 0000000000000,00
332000300	 0000000000000,00	 0000000000000,00	 0000000000000,00	 0000000000000,00
332000400	 0089609167784,00	 0000000000000,00	 0000000000000,00	 0000000000000,00
332000500	 0000000000000,00	 0000000000000,00	 0000000000000,00	 0000000000000,00
332000600	 0000000000000,00	 0000000000000,00	 0000000000000,00	 0000000000000,00
332000700	 0000000000000,00	 0000000000000,00	 0000000000000,00	 0000000000000,00
332000900	 0000000000000,00	 0000000000000,00	 0000000000000,00	 0000000000000,00
340000000	 0000000000000,00	 0000000000000,00	 0000000000000,00	 0000000000000,00
340000100	 0000000000000,00	 0000000000000,00	 0000000000000,00	 0000000000000,00
340000200	 0000000000000,00	 0000000000000,00	 0000000000000,00	 0000000000000,00
350000000	 0229575490997,00	 0000000000000,00	 0000000000000,00	 0000000000000,00
360000000	-0068872647299,00	 0000000000000,00	 0000000000000,00	 0000000000000,00
360000100	-0068872647299,00	 0000000000000,00	 0000000000000,00	 0000000000000,00
360000101	-0068872647299,00	 0000000000000,00	 0000000000000,00	 0000000000000,00
360000102	 0000000000000,00	 0000000000000,00	 0000000000000,00	 0000000000000,00
360000200	 0000000000000,00	 0000000000000,00	 0000000000000,00	 0000000000000,00
360000300	 0000000000000,00	 0000000000000,00	 0000000000000,00	 0000000000000,00
365000000	 0000000000000,00	 0000000000000,00	 0000000000000,00	 0000000000000,00
380000000	 4872274584376,00	 0000000000000,00	 0000000000000,00	 0000000000000,00
390000000	 0000002355522,00	 0000000000000,00	 0000000000000,00	 0001331322865,00
500000000	 11253158580634,00	 15731365577720,00	 0131333708796,00	 19701194601343,00
505000000	 11253158580634,00	 15731365577720,00	 0131333708796,00	 19639531699711,00
510000000	 36069205361816,00	 9459742262704,00	 0002814756430,00	 32972994795353,00
