055	BANCO CONSORCIO
100000000	 3622703383446,00	 3529682081786,00	 0015127224674,00	 1091584665495,00
105000000	 0156319987290,00	 0000000000000,00	 0000000000000,00	 0304459064427,00
105000100	 0002821445595,00	 0000000000000,00	 0000000000000,00	 0000172409481,00
105000101	 0001659765595,00	 0000000000000,00	 0000000000000,00	 0000172409481,00
105000102	 0001161680000,00	 0000000000000,00	 0000000000000,00	 0000000000000,00
105000103	 0000000000000,00	 0000000000000,00	 0000000000000,00	 0000000000000,00
105000200	 0143973828252,00	 0000000000000,00	 0000000000000,00	 0001390626216,00
105000201	 0129965272385,00	 0000000000000,00	 0000000000000,00	 0001390626216,00
105000202	 0000000000000,00	 0000000000000,00	 0000000000000,00	 0000000000000,00
105000209	 0014008555867,00	 0000000000000,00	 0000000000000,00	 0000000000000,00
105000300	 0000000000000,00	 0000000000000,00	 0000000000000,00	 0000000000000,00
105000301	 0000000000000,00	 0000000000000,00	 0000000000000,00	 0000000000000,00
105000302	 0000000000000,00	 0000000000000,00	 0000000000000,00	 0000000000000,00
105000309	 0000000000000,00	 0000000000000,00	 0000000000000,00	 0000000000000,00
105000400	 0009524713443,00	 0000000000000,00	 0000000000000,00	 0014235358760,00
105000500	 0000000000000,00	 0000000000000,00	 0000000000000,00	 0288660669970,00
107000000	 0047464120739,00	 0000000000000,00	 0000000000000,00	 0054124924340,00
107000100	 0003947365036,00	 0000000000000,00	 0000000000000,00	 0006125298897,00
107000101	 0000000000000,00	 0000000000000,00	 0000000000000,00	 0000000000000,00
107000102	 0003947365036,00	 0000000000000,00	 0000000000000,00	 0006125298897,00
107000103	 0000000000000,00	 0000000000000,00	 0000000000000,00	 0000000000000,00
107000200	 0000000000000,00	 0000000000000,00	 0000000000000,00	 0000000000000,00
107000201	 0000000000000,00	 0000000000000,00	 0000000000000,00	 0000000000000,00
107000202	 0000000000000,00	 0000000000000,00	 0000000000000,00	 0000000000000,00
107000300	 0000000000000,00	 0000000000000,00	 0000000000000,00	 0000000000000,00
107000400	 0043516755703,00	 0000000000000,00	 0000000000000,00	 0047999625443,00
107000401	 0043441377902,00	 0000000000000,00	 0000000000000,00	 0000000000000,00
107000409	 0000000000000,00	 0000000000000,00	 0000000000000,00	 0047999625443,00
107000411	 0000075377801,00	 0000000000000,00	 0000000000000,00	 0000000000000,00
107000419	 0000000000000,00	 0000000000000,00	 0000000000000,00	 0000000000000,00
110000000	 0196915334889,00	 0053865269346,00	 0000000000000,00	 0000001531774,00
111000100	 0088837661242,00	 0000012275742,00	 0000000000000,00	 0000000000000,00
111000101	 0029270162267,00	 0000000000000,00	 0000000000000,00	 0000000000000,00
111000102	 0051547845806,00	 0000012275742,00	 0000000000000,00	 0000000000000,00
111000103	 0000000000000,00	 0000000000000,00	 0000000000000,00	 0000000000000,00
111000104	 0000000000000,00	 0000000000000,00	 0000000000000,00	 0000000000000,00
111000105	 0000000000000,00	 0000000000000,00	 0000000000000,00	 0000000000000,00
111000109	 0008019653169,00	 0000000000000,00	 0000000000000,00	 0000000000000,00
112000000	 0100572912596,00	 0053852993604,00	 0000000000000,00	 0000000000000,00
112000100	 0032044657072,00	 0028038377757,00	 0000000000000,00	 0000000000000,00
112000101	 0015700659696,00	 0000000000000,00	 0000000000000,00	 0000000000000,00
112000102	 0016343997376,00	 0028038377757,00	 0000000000000,00	 0000000000000,00
112000109	 0000000000000,00	 0000000000000,00	 0000000000000,00	 0000000000000,00
112000200	 0068528255524,00	 0025814615847,00	 0000000000000,00	 0000000000000,00
112000201	 0068528255524,00	 0022639008043,00	 0000000000000,00	 0000000000000,00
112000202	 0000000000000,00	 0003175607804,00	 0000000000000,00	 0000000000000,00
112000209	 0000000000000,00	 0000000000000,00	 0000000000000,00	 0000000000000,00
112000300	 0000000000000,00	 0000000000000,00	 0000000000000,00	 0000000000000,00
112000301	 0000000000000,00	 0000000000000,00	 0000000000000,00	 0000000000000,00
112000302	 0000000000000,00	 0000000000000,00	 0000000000000,00	 0000000000000,00
112000303	 0000000000000,00	 0000000000000,00	 0000000000000,00	 0000000000000,00
112000304	 0000000000000,00	 0000000000000,00	 0000000000000,00	 0000000000000,00
112000309	 0000000000000,00	 0000000000000,00	 0000000000000,00	 0000000000000,00
113000000	 0007504761051,00	 0000000000000,00	 0000000000000,00	 0000001531774,00
113000100	 0000000000000,00	 0000000000000,00	 0000000000000,00	 0000001531774,00
113000101	 0000000000000,00	 0000000000000,00	 0000000000000,00	 0000000000000,00
113000102	 0000000000000,00	 0000000000000,00	 0000000000000,00	 0000001531774,00
113000200	 0007504761051,00	 0000000000000,00	 0000000000000,00	 0000000000000,00
113000201	 0007504761051,00	 0000000000000,00	 0000000000000,00	 0000000000000,00
113000202	 0000000000000,00	 0000000000000,00	 0000000000000,00	 0000000000000,00
113000300	 0000000000000,00	 0000000000000,00	 0000000000000,00	 0000000000000,00
113000301	 0000000000000,00	 0000000000000,00	 0000000000000,00	 0000000000000,00
113000302	 0000000000000,00	 0000000000000,00	 0000000000000,00	 0000000000000,00
113000303	 0000000000000,00	 0000000000000,00	 0000000000000,00	 0000000000000,00
113000304	 0000000000000,00	 0000000000000,00	 0000000000000,00	 0000000000000,00
113000400	 0000000000000,00	 0000000000000,00	 0000000000000,00	 0000000000000,00
115000000	 0000000000000,00	 0000000000000,00	 0000000000000,00	 0000000000000,00
115250000	 0000000000000,00	 0000000000000,00	 0000000000000,00	 0000000000000,00
115250100	 0000000000000,00	 0000000000000,00	 0000000000000,00	 0000000000000,00
115250101	 0000000000000,00	 0000000000000,00	 0000000000000,00	 0000000000000,00
115250102	 0000000000000,00	 0000000000000,00	 0000000000000,00	 0000000000000,00
115250109	 0000000000000,00	 0000000000000,00	 0000000000000,00	 0000000000000,00
115250200	 0000000000000,00	 0000000000000,00	 0000000000000,00	 0000000000000,00
115250201	 0000000000000,00	 0000000000000,00	 0000000000000,00	 0000000000000,00
115250202	 0000000000000,00	 0000000000000,00	 0000000000000,00	 0000000000000,00
115250209	 0000000000000,00	 0000000000000,00	 0000000000000,00	 0000000000000,00
115250300	 0000000000000,00	 0000000000000,00	 0000000000000,00	 0000000000000,00
115250301	 0000000000000,00	 0000000000000,00	 0000000000000,00	 0000000000000,00
115250302	 0000000000000,00	 0000000000000,00	 0000000000000,00	 0000000000000,00
115250303	 0000000000000,00	 0000000000000,00	 0000000000000,00	 0000000000000,00
115250304	 0000000000000,00	 0000000000000,00	 0000000000000,00	 0000000000000,00
115250309	 0000000000000,00	 0000000000000,00	 0000000000000,00	 0000000000000,00
115500000	 0000000000000,00	 0000000000000,00	 0000000000000,00	 0000000000000,00
115500100	 0000000000000,00	 0000000000000,00	 0000000000000,00	 0000000000000,00
115500101	 0000000000000,00	 0000000000000,00	 0000000000000,00	 0000000000000,00
115500102	 0000000000000,00	 0000000000000,00	 0000000000000,00	 0000000000000,00
115500300	 0000000000000,00	 0000000000000,00	 0000000000000,00	 0000000000000,00
115500301	 0000000000000,00	 0000000000000,00	 0000000000000,00	 0000000000000,00
115500302	 0000000000000,00	 0000000000000,00	 0000000000000,00	 0000000000000,00
115500303	 0000000000000,00	 0000000000000,00	 0000000000000,00	 0000000000000,00
115500304	 0000000000000,00	 0000000000000,00	 0000000000000,00	 0000000000000,00
115500400	 0000000000000,00	 0000000000000,00	 0000000000000,00	 0000000000000,00
118000000	 0000000000000,00	 0000000000000,00	 0000000000000,00	 0000000000000,00
118250000	 0000000000000,00	 0000000000000,00	 0000000000000,00	 0000000000000,00
118250100	 0000000000000,00	 0000000000000,00	 0000000000000,00	 0000000000000,00
118250101	 0000000000000,00	 0000000000000,00	 0000000000000,00	 0000000000000,00
118250102	 0000000000000,00	 0000000000000,00	 0000000000000,00	 0000000000000,00
118250109	 0000000000000,00	 0000000000000,00	 0000000000000,00	 0000000000000,00
118250200	 0000000000000,00	 0000000000000,00	 0000000000000,00	 0000000000000,00
118250201	 0000000000000,00	 0000000000000,00	 0000000000000,00	 0000000000000,00
118250202	 0000000000000,00	 0000000000000,00	 0000000000000,00	 0000000000000,00
118250209	 0000000000000,00	 0000000000000,00	 0000000000000,00	 0000000000000,00
118250300	 0000000000000,00	 0000000000000,00	 0000000000000,00	 0000000000000,00
118250301	 0000000000000,00	 0000000000000,00	 0000000000000,00	 0000000000000,00
118250302	 0000000000000,00	 0000000000000,00	 0000000000000,00	 0000000000000,00
118250303	 0000000000000,00	 0000000000000,00	 0000000000000,00	 0000000000000,00
118250304	 0000000000000,00	 0000000000000,00	 0000000000000,00	 0000000000000,00
118250309	 0000000000000,00	 0000000000000,00	 0000000000000,00	 0000000000000,00
118500000	 0000000000000,00	 0000000000000,00	 0000000000000,00	 0000000000000,00
118500300	 0000000000000,00	 0000000000000,00	 0000000000000,00	 0000000000000,00
118500301	 0000000000000,00	 0000000000000,00	 0000000000000,00	 0000000000000,00
118500302	 0000000000000,00	 0000000000000,00	 0000000000000,00	 0000000000000,00
118500303	 0000000000000,00	 0000000000000,00	 0000000000000,00	 0000000000000,00
118500304	 0000000000000,00	 0000000000000,00	 0000000000000,00	 0000000000000,00
118500400	 0000000000000,00	 0000000000000,00	 0000000000000,00	 0000000000000,00
120000000	 0902462383782,00	 0669441896445,00	 0000000000000,00	 0231529040982,00
122000000	 0902462383782,00	 0669441896445,00	 0000000000000,00	 0231529040982,00
122000100	 0834310043491,00	 0175327472212,00	 0000000000000,00	 0000000000000,00
122000101	 0760985265125,00	 0000000000000,00	 0000000000000,00	 0000000000000,00
122000102	 0073324778366,00	 0175327472212,00	 0000000000000,00	 0000000000000,00
122000109	 0000000000000,00	 0000000000000,00	 0000000000000,00	 0000000000000,00
122000200	 0068152340291,00	 0494114424233,00	 0000000000000,00	 0045502623073,00
122000201	 0000946595321,00	 0050635326047,00	 0000000000000,00	 0000000000000,00
122000202	 0067205744970,00	 0443479098186,00	 0000000000000,00	 0045502623073,00
122000209	 0000000000000,00	 0000000000000,00	 0000000000000,00	 0000000000000,00
122000300	 0000000000000,00	 0000000000000,00	 0000000000000,00	 0186026417909,00
122000301	 0000000000000,00	 0000000000000,00	 0000000000000,00	 0000000000000,00
122000302	 0000000000000,00	 0000000000000,00	 0000000000000,00	 0176387756794,00
122000303	 0000000000000,00	 0000000000000,00	 0000000000000,00	 0000000000000,00
122000304	 0000000000000,00	 0000000000000,00	 0000000000000,00	 0009638661115,00
122000309	 0000000000000,00	 0000000000000,00	 0000000000000,00	 0000000000000,00
123000000	 0000000000000,00	 0000000000000,00	 0000000000000,00	 0000000000000,00
123000300	 0000000000000,00	 0000000000000,00	 0000000000000,00	 0000000000000,00
123000301	 0000000000000,00	 0000000000000,00	 0000000000000,00	 0000000000000,00
123000302	 0000000000000,00	 0000000000000,00	 0000000000000,00	 0000000000000,00
123000303	 0000000000000,00	 0000000000000,00	 0000000000000,00	 0000000000000,00
123000304	 0000000000000,00	 0000000000000,00	 0000000000000,00	 0000000000000,00
123000400	 0000000000000,00	 0000000000000,00	 0000000000000,00	 0000000000000,00
130000000	 0006363138440,00	 0000000000000,00	 0000000000000,00	 0000000000000,00
130000100	 0006363138440,00	 0000000000000,00	 0000000000000,00	 0000000000000,00
130000101	 0000347079948,00	 0000000000000,00	 0000000000000,00	 0000000000000,00
130000102	 0006016058492,00	 0000000000000,00	 0000000000000,00	 0000000000000,00
130000103	 0000000000000,00	 0000000000000,00	 0000000000000,00	 0000000000000,00
130000104	 0000000000000,00	 0000000000000,00	 0000000000000,00	 0000000000000,00
130000105	 0000000000000,00	 0000000000000,00	 0000000000000,00	 0000000000000,00
130000190	 0000000000000,00	 0000000000000,00	 0000000000000,00	 0000000000000,00
140000000	 2082815418029,00	 2805591154699,00	 0015127224674,00	 0468504744580,00
141000000	 0012843444149,00	 0000000000000,00	 0000000000000,00	 0000000000000,00
141000100	 0000000000000,00	 0000000000000,00	 0000000000000,00	 0000000000000,00
141000101	 0000000000000,00	 0000000000000,00	 0000000000000,00	 0000000000000,00
141000102	 0000000000000,00	 0000000000000,00	 0000000000000,00	 0000000000000,00
141000103	 0000000000000,00	 0000000000000,00	 0000000000000,00	 0000000000000,00
141000200	 0000000000000,00	 0000000000000,00	 0000000000000,00	 0000000000000,00
141000201	 0000000000000,00	 0000000000000,00	 0000000000000,00	 0000000000000,00
141000202	 0000000000000,00	 0000000000000,00	 0000000000000,00	 0000000000000,00
141000203	 0000000000000,00	 0000000000000,00	 0000000000000,00	 0000000000000,00
141000300	 0012862095909,00	 0000000000000,00	 0000000000000,00	 0000000000000,00
141000301	 0012862095909,00	 0000000000000,00	 0000000000000,00	 0000000000000,00
141000302	 0000000000000,00	 0000000000000,00	 0000000000000,00	 0000000000000,00
141000400	 0000000000000,00	 0000000000000,00	 0000000000000,00	 0000000000000,00
141000401	 0000000000000,00	 0000000000000,00	 0000000000000,00	 0000000000000,00
141000402	 0000000000000,00	 0000000000000,00	 0000000000000,00	 0000000000000,00
141000900	-0000018651760,00	 0000000000000,00	 0000000000000,00	 0000000000000,00
141000901	-0000018651760,00	 0000000000000,00	 0000000000000,00	 0000000000000,00
141000902	 0000000000000,00	 0000000000000,00	 0000000000000,00	 0000000000000,00
141000903	 0000000000000,00	 0000000000000,00	 0000000000000,00	 0000000000000,00
141500000	 0692468429870,00	 0002695343151,00	 0000000000000,00	 0022872373110,00
141500100	 0680717266733,00	 0000000000000,00	 0000000000000,00	 0000000000000,00
141500101	 0000000000000,00	 0000000000000,00	 0000000000000,00	 0000000000000,00
141500102	 0680717266733,00	 0000000000000,00	 0000000000000,00	 0000000000000,00
141500109	 0000000000000,00	 0000000000000,00	 0000000000000,00	 0000000000000,00
141500200	 0016487006314,00	 0008587347516,00	 0000000000000,00	 0000000000000,00
141500201	 0000000000000,00	 0000000000000,00	 0000000000000,00	 0000000000000,00
141500202	 0016487006314,00	 0008587347516,00	 0000000000000,00	 0000000000000,00
141500209	 0000000000000,00	 0000000000000,00	 0000000000000,00	 0000000000000,00
141500300	 0000000000000,00	 0000000000000,00	 0000000000000,00	 0041509363470,00
141500301	 0000000000000,00	 0000000000000,00	 0000000000000,00	 0000000000000,00
141500302	 0000000000000,00	 0000000000000,00	 0000000000000,00	 0000000000000,00
141500303	 0000000000000,00	 0000000000000,00	 0000000000000,00	 0000000000000,00
141500304	 0000000000000,00	 0000000000000,00	 0000000000000,00	 0041509363470,00
141500309	 0000000000000,00	 0000000000000,00	 0000000000000,00	 0000000000000,00
141500900	-0004735843177,00	-0005892004365,00	 0000000000000,00	-0018636990360,00
141500901	 0000000000000,00	-0000000564847,00	 0000000000000,00	 0000000000000,00
141500902	 0000000000000,00	 0000000000000,00	 0000000000000,00	 0000000000000,00
141500903	-0004735843177,00	-0005891439518,00	 0000000000000,00	-0018636990360,00
143000000	 0000000000000,00	 0000000000000,00	 0000000000000,00	 0000000000000,00
143100100	 0000000000000,00	 0000000000000,00	 0000000000000,00	 0000000000000,00
143100101	 0000000000000,00	 0000000000000,00	 0000000000000,00	 0000000000000,00
143100102	 0000000000000,00	 0000000000000,00	 0000000000000,00	 0000000000000,00
143100103	 0000000000000,00	 0000000000000,00	 0000000000000,00	 0000000000000,00
143100104	 0000000000000,00	 0000000000000,00	 0000000000000,00	 0000000000000,00
143100105	 0000000000000,00	 0000000000000,00	 0000000000000,00	 0000000000000,00
143100106	 0000000000000,00	 0000000000000,00	 0000000000000,00	 0000000000000,00
143100107	 0000000000000,00	 0000000000000,00	 0000000000000,00	 0000000000000,00
143100190	 0000000000000,00	 0000000000000,00	 0000000000000,00	 0000000000000,00
143150100	 0000000000000,00	 0000000000000,00	 0000000000000,00	 0000000000000,00
143150101	 0000000000000,00	 0000000000000,00	 0000000000000,00	 0000000000000,00
143150102	 0000000000000,00	 0000000000000,00	 0000000000000,00	 0000000000000,00
143150103	 0000000000000,00	 0000000000000,00	 0000000000000,00	 0000000000000,00
143200100	 0000000000000,00	 0000000000000,00	 0000000000000,00	 0000000000000,00
143200101	 0000000000000,00	 0000000000000,00	 0000000000000,00	 0000000000000,00
143200102	 0000000000000,00	 0000000000000,00	 0000000000000,00	 0000000000000,00
143200103	 0000000000000,00	 0000000000000,00	 0000000000000,00	 0000000000000,00
143200104	 0000000000000,00	 0000000000000,00	 0000000000000,00	 0000000000000,00
143200105	 0000000000000,00	 0000000000000,00	 0000000000000,00	 0000000000000,00
143200106	 0000000000000,00	 0000000000000,00	 0000000000000,00	 0000000000000,00
143200107	 0000000000000,00	 0000000000000,00	 0000000000000,00	 0000000000000,00
143200108	 0000000000000,00	 0000000000000,00	 0000000000000,00	 0000000000000,00
143200190	 0000000000000,00	 0000000000000,00	 0000000000000,00	 0000000000000,00
143250100	 0000000000000,00	 0000000000000,00	 0000000000000,00	 0000000000000,00
143250101	 0000000000000,00	 0000000000000,00	 0000000000000,00	 0000000000000,00
143250102	 0000000000000,00	 0000000000000,00	 0000000000000,00	 0000000000000,00
143250103	 0000000000000,00	 0000000000000,00	 0000000000000,00	 0000000000000,00
143300100	 0000000000000,00	 0000000000000,00	 0000000000000,00	 0000000000000,00
143300101	 0000000000000,00	 0000000000000,00	 0000000000000,00	 0000000000000,00
143300102	 0000000000000,00	 0000000000000,00	 0000000000000,00	 0000000000000,00
143300103	 0000000000000,00	 0000000000000,00	 0000000000000,00	 0000000000000,00
143400100	 0000000000000,00	 0000000000000,00	 0000000000000,00	 0000000000000,00
143400101	 0000000000000,00	 0000000000000,00	 0000000000000,00	 0000000000000,00
143400102	 0000000000000,00	 0000000000000,00	 0000000000000,00	 0000000000000,00
143400103	 0000000000000,00	 0000000000000,00	 0000000000000,00	 0000000000000,00
144000000	 1377503544010,00	 2802895811548,00	 0015127224674,00	 0445632371470,00
145000000	 1377541407377,00	 1429050457724,00	 0015127224674,00	 0462878355633,00
145400100	 1246083117196,00	 1380729305284,00	 0000000000000,00	 0240594502184,00
145400101	 1246083117196,00	 1234468203662,00	 0000000000000,00	 0240594502184,00
145400102	 0000000000000,00	 0000000000000,00	 0000000000000,00	 0000000000000,00
145400103	 0000000000000,00	 0000000000000,00	 0000000000000,00	 0000000000000,00
145400104	 0000000000000,00	 0000000000000,00	 0000000000000,00	 0000000000000,00
145400105	 0000000000000,00	 0130058265447,00	 0000000000000,00	 0000000000000,00
145400106	 0000000000000,00	 0016202836175,00	 0000000000000,00	 0000000000000,00
145400200	 0006442606305,00	 0000000000000,00	 0000000000000,00	 0136624804585,00
145400201	 0000000000000,00	 0000000000000,00	 0000000000000,00	 0000000000000,00
145400202	 0006442606305,00	 0000000000000,00	 0000000000000,00	 0066613341350,00
145400203	 0000000000000,00	 0000000000000,00	 0000000000000,00	 0000601818013,00
145400204	 0000000000000,00	 0000000000000,00	 0000000000000,00	 0069409645222,00
145400205	 0000000000000,00	 0000000000000,00	 0000000000000,00	 0000000000000,00
145400290	 0000000000000,00	 0000000000000,00	 0000000000000,00	 0000000000000,00
145400300	 0002773980436,00	 0000000000000,00	 0000000000000,00	 0000000000000,00
145400400	 0000001679868,00	 0000000000000,00	 0000000000000,00	 0000000267676,00
145400401	 0000001679868,00	 0000000000000,00	 0000000000000,00	 0000000267676,00
145400402	 0000000000000,00	 0000000000000,00	 0000000000000,00	 0000000000000,00
145400500	 0074891262281,00	 0000000000000,00	 0000000000000,00	 0085481703068,00
145400501	 0070252835801,00	 0000000000000,00	 0000000000000,00	 0011849516650,00
145400502	 0004638426480,00	 0000000000000,00	 0000000000000,00	 0073632186418,00
145400600	 0045590363438,00	 0048321152440,00	 0015127224674,00	 0000177078120,00
145400601	 0000734779949,00	 0011449415429,00	 0000000000000,00	 0000000000000,00
145400602	 0044855583489,00	 0036871737011,00	 0015127224674,00	 0000177078120,00
145400700	 0000000000000,00	 0000000000000,00	 0000000000000,00	 0000000000000,00
145400701	 0000000000000,00	 0000000000000,00	 0000000000000,00	 0000000000000,00
145400702	 0000000000000,00	 0000000000000,00	 0000000000000,00	 0000000000000,00
145400703	 0000000000000,00	 0000000000000,00	 0000000000000,00	 0000000000000,00
145400900	 0001758397853,00	 0000000000000,00	 0000000000000,00	 0000000000000,00
145400901	 0000000000000,00	 0000000000000,00	 0000000000000,00	 0000000000000,00
145400902	 0000000000000,00	 0000000000000,00	 0000000000000,00	 0000000000000,00
145400990	 0001758397853,00	 0000000000000,00	 0000000000000,00	 0000000000000,00
146000000	 0000000000000,00	 1373845353824,00	 0000000000000,00	 0000000000000,00
146000100	 0000000000000,00	 0000000000000,00	 0000000000000,00	 0000000000000,00
146000200	 0000000000000,00	 1253662661299,00	 0000000000000,00	 0000000000000,00
146000300	 0000000000000,00	 0000000000000,00	 0000000000000,00	 0000000000000,00
146000400	 0000000000000,00	 0090555216157,00	 0000000000000,00	 0000000000000,00
146000401	 0000000000000,00	 0090555216157,00	 0000000000000,00	 0000000000000,00
146000402	 0000000000000,00	 0000000000000,00	 0000000000000,00	 0000000000000,00
146000500	 0000000000000,00	 0000000000000,00	 0000000000000,00	 0000000000000,00
146000900	 0000000000000,00	 0029627476368,00	 0000000000000,00	 0000000000000,00
146000901	 0000000000000,00	 0029627476368,00	 0000000000000,00	 0000000000000,00
146000902	 0000000000000,00	 0000000000000,00	 0000000000000,00	 0000000000000,00
146000903	 0000000000000,00	 0000000000000,00	 0000000000000,00	 0000000000000,00
146000909	 0000000000000,00	 0000000000000,00	 0000000000000,00	 0000000000000,00
148000000	 0090531074957,00	 0000000000000,00	 0000000000000,00	 0000129092737,00
148000100	 0082204553247,00	 0000000000000,00	 0000000000000,00	 0000000000000,00
148000200	 0003847938470,00	 0000000000000,00	 0000000000000,00	 0000000000000,00
148000300	 0004392662099,00	 0000000000000,00	 0000000000000,00	 0000129092737,00
148000301	 0002786610451,00	 0000000000000,00	 0000000000000,00	 0000129092737,00
148000302	 0001606051648,00	 0000000000000,00	 0000000000000,00	 0000000000000,00
148000400	 0000000000000,00	 0000000000000,00	 0000000000000,00	 0000000000000,00
148000900	 0000085921141,00	 0000000000000,00	 0000000000000,00	 0000000000000,00
148000901	 0000085921141,00	 0000000000000,00	 0000000000000,00	 0000000000000,00
148000902	 0000000000000,00	 0000000000000,00	 0000000000000,00	 0000000000000,00
149000000	-0090568938324,00	 0000000000000,00	 0000000000000,00	-0017375076900,00
149500100	-0083591222106,00	 0000000000000,00	 0000000000000,00	-0017364423235,00
149500101	-0010498133931,00	 0000000000000,00	 0000000000000,00	-0007627387425,00
149500102	-0006441255409,00	 0000000000000,00	 0000000000000,00	-0001151992227,00
149500103	-0065836031687,00	 0000000000000,00	 0000000000000,00	-0008585043583,00
149500104	-0000473157053,00	 0000000000000,00	 0000000000000,00	 0000000000000,00
149500105	-0000290808468,00	 0000000000000,00	 0000000000000,00	 0000000000000,00
149500109	-0000051835558,00	 0000000000000,00	 0000000000000,00	 0000000000000,00
149600100	-0002349656183,00	 0000000000000,00	 0000000000000,00	 0000000000000,00
149600101	-0001615420606,00	 0000000000000,00	 0000000000000,00	 0000000000000,00
149600102	-0000734235577,00	 0000000000000,00	 0000000000000,00	 0000000000000,00
149700100	-0004628060035,00	 0000000000000,00	 0000000000000,00	-0000010653665,00
149700101	-0002761841087,00	 0000000000000,00	 0000000000000,00	-0000010649608,00
149700102	-0001866218948,00	 0000000000000,00	 0000000000000,00	-0000000004057,00
150000000	 0002143206512,00	 0000000000000,00	 0000000000000,00	 0000046551469,00
150000100	 0000000000000,00	 0000000000000,00	 0000000000000,00	 0000000000000,00
150000200	 0000000000000,00	 0000000000000,00	 0000000000000,00	 0000000000000,00
150000201	 0000000000000,00	 0000000000000,00	 0000000000000,00	 0000000000000,00
150000202	 0000000000000,00	 0000000000000,00	 0000000000000,00	 0000000000000,00
150000300	 0000000000000,00	 0000000000000,00	 0000000000000,00	 0000000000000,00
150000400	 0000000000000,00	 0000000000000,00	 0000000000000,00	 0000000000000,00
150000500	 0000000000000,00	 0000000000000,00	 0000000000000,00	 0000000000000,00
150000600	 0000000000000,00	 0000000000000,00	 0000000000000,00	 0000000000000,00
150000700	 0002143206512,00	 0000000000000,00	 0000000000000,00	 0000046551469,00
150000800	 0000000000000,00	 0000000000000,00	 0000000000000,00	 0000000000000,00
160000000	 0003548964433,00	 0000000000000,00	 0000000000000,00	 0000000000000,00
160000100	 0000000000000,00	 0000000000000,00	 0000000000000,00	 0000000000000,00
160000200	 0000000000000,00	 0000000000000,00	 0000000000000,00	 0000000000000,00
160000201	 0000000000000,00	 0000000000000,00	 0000000000000,00	 0000000000000,00
160000202	 0000000000000,00	 0000000000000,00	 0000000000000,00	 0000000000000,00
160000203	 0000000000000,00	 0000000000000,00	 0000000000000,00	 0000000000000,00
160000204	 0000000000000,00	 0000000000000,00	 0000000000000,00	 0000000000000,00
160000205	 0000000000000,00	 0000000000000,00	 0000000000000,00	 0000000000000,00
160000206	 0000000000000,00	 0000000000000,00	 0000000000000,00	 0000000000000,00
160000207	 0000000000000,00	 0000000000000,00	 0000000000000,00	 0000000000000,00
160000208	 0000000000000,00	 0000000000000,00	 0000000000000,00	 0000000000000,00
160000209	 0000000000000,00	 0000000000000,00	 0000000000000,00	 0000000000000,00
160000219	 0000000000000,00	 0000000000000,00	 0000000000000,00	 0000000000000,00
160000300	 0003548964433,00	 0000000000000,00	 0000000000000,00	 0000000000000,00
160000301	 0009805712693,00	 0000000000000,00	 0000000000000,00	 0000000000000,00
160000302	 0000000000000,00	 0000000000000,00	 0000000000000,00	 0000000000000,00
160000303	 0000000000000,00	 0000000000000,00	 0000000000000,00	 0000000000000,00
160000309	 0000000000000,00	 0000000000000,00	 0000000000000,00	 0000000000000,00
160000319	-0006256748260,00	 0000000000000,00	 0000000000000,00	 0000000000000,00
170000000	 0006017356429,00	 0000000000000,00	 0000000000000,00	 0000000000000,00
170000100	 0004302556880,00	 0000000000000,00	 0000000000000,00	 0000000000000,00
170000101	 0005483142949,00	 0000000000000,00	 0000000000000,00	 0000000000000,00
170000102	 0000000000000,00	 0000000000000,00	 0000000000000,00	 0000000000000,00
170000119	-0001180586069,00	 0000000000000,00	 0000000000000,00	 0000000000000,00
170000200	 0001714799549,00	 0000000000000,00	 0000000000000,00	 0000000000000,00
170000201	 0005803393226,00	 0000000000000,00	 0000000000000,00	 0000000000000,00
170000209	 0002099217947,00	 0000000000000,00	 0000000000000,00	 0000000000000,00
170000219	-0006187811624,00	 0000000000000,00	 0000000000000,00	 0000000000000,00
175000000	 0007325003658,00	 0000000000000,00	 0000000000000,00	 0000000000000,00
175000100	 0006505876585,00	 0000000000000,00	 0000000000000,00	 0000000000000,00
175000101	 0010564072666,00	 0000000000000,00	 0000000000000,00	 0000000000000,00
175000102	 0000000000000,00	 0000000000000,00	 0000000000000,00	 0000000000000,00
175000119	-0004058196081,00	 0000000000000,00	 0000000000000,00	 0000000000000,00
175000200	 0000819127073,00	 0000000000000,00	 0000000000000,00	 0000000000000,00
175000201	 0004345625520,00	 0000000000000,00	 0000000000000,00	 0000000000000,00
175000219	-0003526498447,00	 0000000000000,00	 0000000000000,00	 0000000000000,00
175000300	 0000000000000,00	 0000000000000,00	 0000000000000,00	 0000000000000,00
175000301	 0000000000000,00	 0000000000000,00	 0000000000000,00	 0000000000000,00
175000309	 0000000000000,00	 0000000000000,00	 0000000000000,00	 0000000000000,00
175000319	 0000000000000,00	 0000000000000,00	 0000000000000,00	 0000000000000,00
175000400	 0000000000000,00	 0000000000000,00	 0000000000000,00	 0000000000000,00
175000401	 0000000000000,00	 0000000000000,00	 0000000000000,00	 0000000000000,00
175000409	 0000000000000,00	 0000000000000,00	 0000000000000,00	 0000000000000,00
175000419	 0000000000000,00	 0000000000000,00	 0000000000000,00	 0000000000000,00
180000000	 0033175980867,00	 0000000000000,00	 0000000000000,00	 0000000000000,00
185000000	 0076101931836,00	 0000000000000,00	 0000000000000,00	 0000000000000,00
190000000	 0102050556542,00	 0000783761296,00	 0000000000000,00	 0032918807923,00
190000100	 0001109867989,00	 0000783761296,00	 0000000000000,00	 0000000000000,00
190000101	 0001109867989,00	 0000783761296,00	 0000000000000,00	 0000000000000,00
190000102	 0000000000000,00	 0000000000000,00	 0000000000000,00	 0000000000000,00
190000103	 0000000000000,00	 0000000000000,00	 0000000000000,00	 0000000000000,00
190000200	 0014224088315,00	 0000000000000,00	 0000000000000,00	 0032225852418,00
190000201	 0014224088315,00	 0000000000000,00	 0000000000000,00	 0000000000000,00
190000202	 0000000000000,00	 0000000000000,00	 0000000000000,00	 0000000000000,00
190000203	 0000000000000,00	 0000000000000,00	 0000000000000,00	 0018284651901,00
190000204	 0000000000000,00	 0000000000000,00	 0000000000000,00	 0013941200517,00
190000300	 0066821050922,00	 0000000000000,00	 0000000000000,00	 0000000000000,00
190000301	 0000001532951,00	 0000000000000,00	 0000000000000,00	 0000000000000,00
190000302	 0066819517971,00	 0000000000000,00	 0000000000000,00	 0000000000000,00
190000303	 0000000000000,00	 0000000000000,00	 0000000000000,00	 0000000000000,00
190000400	 0000000000000,00	 0000000000000,00	 0000000000000,00	 0000000000000,00
190000401	 0000000000000,00	 0000000000000,00	 0000000000000,00	 0000000000000,00
190000402	 0000000000000,00	 0000000000000,00	 0000000000000,00	 0000000000000,00
190000500	 0008481453583,00	 0000000000000,00	 0000000000000,00	 0000132805243,00
190000501	 0000000000000,00	 0000000000000,00	 0000000000000,00	 0000000000000,00
190000502	 0000000000000,00	 0000000000000,00	 0000000000000,00	 0000000000000,00
190000503	 0002217922976,00	 0000000000000,00	 0000000000000,00	 0000000000000,00
190000504	 0000000000000,00	 0000000000000,00	 0000000000000,00	 0000000000000,00
190000505	 0000000000000,00	 0000000000000,00	 0000000000000,00	 0000000943724,00
190000509	 0006263530607,00	 0000000000000,00	 0000000000000,00	 0000131861519,00
190000600	 0000001656011,00	 0000000000000,00	 0000000000000,00	 0000000000000,00
190000700	 0000000000000,00	 0000000000000,00	 0000000000000,00	 0000000000000,00
190000701	 0000000000000,00	 0000000000000,00	 0000000000000,00	 0000000000000,00
190000702	 0000000000000,00	 0000000000000,00	 0000000000000,00	 0000000000000,00
190000800	 0008199533189,00	 0000000000000,00	 0000000000000,00	 0000000000000,00
190000900	 0000986347696,00	 0000000000000,00	 0000000000000,00	 0000000000000,00
190001000	 0000000000000,00	 0000000000000,00	 0000000000000,00	 0000000000000,00
190001100	 0000000000000,00	 0000000000000,00	 0000000000000,00	 0000000000000,00
190001200	 0000000000000,00	 0000000000000,00	 0000000000000,00	 0000000000000,00
190001300	 0000000000000,00	 0000000000000,00	 0000000000000,00	 0000000000000,00
190001400	 0000010642933,00	 0000000000000,00	 0000000000000,00	 0000442772000,00
190001500	 0000009812009,00	 0000000000000,00	 0000000000000,00	 0000000040695,00
190002900	 0002206103895,00	 0000000000000,00	 0000000000000,00	 0000117337567,00
192500100	 0000000000000,00	 0000000000000,00	 0000000000000,00	 0000000000000,00
192500101	 0000000000000,00	 0000000000000,00	 0000000000000,00	 0000000000000,00
192500102	 0000000000000,00	 0000000000000,00	 0000000000000,00	 0000000000000,00
192500103	 0000000000000,00	 0000000000000,00	 0000000000000,00	 0000000000000,00
195000000	 0000000000000,00	 0000000000000,00	 0000000000000,00	 0000000000000,00
195000100	 0000000000000,00	 0000000000000,00	 0000000000000,00	 0000000000000,00
195000101	 0000000000000,00	 0000000000000,00	 0000000000000,00	 0000000000000,00
195000102	 0000000000000,00	 0000000000000,00	 0000000000000,00	 0000000000000,00
195000103	 0000000000000,00	 0000000000000,00	 0000000000000,00	 0000000000000,00
195000200	 0000000000000,00	 0000000000000,00	 0000000000000,00	 0000000000000,00
195000201	 0000000000000,00	 0000000000000,00	 0000000000000,00	 0000000000000,00
195000202	 0000000000000,00	 0000000000000,00	 0000000000000,00	 0000000000000,00
195000203	 0000000000000,00	 0000000000000,00	 0000000000000,00	 0000000000000,00
195000204	 0000000000000,00	 0000000000000,00	 0000000000000,00	 0000000000000,00
195000219	 0000000000000,00	 0000000000000,00	 0000000000000,00	 0000000000000,00
195000300	 0000000000000,00	 0000000000000,00	 0000000000000,00	 0000000000000,00
200000000	 3836457704694,00	 2567825904406,00	 0000000000000,00	 1213956592165,00
207000000	 0038919681511,00	 0000000000000,00	 0000000000000,00	 0041778384729,00
207000100	 0000000000000,00	 0000000000000,00	 0000000000000,00	 0000000000000,00
207000101	 0000000000000,00	 0000000000000,00	 0000000000000,00	 0000000000000,00
207000102	 0000000000000,00	 0000000000000,00	 0000000000000,00	 0000000000000,00
207000200	 0000000000000,00	 0000000000000,00	 0000000000000,00	 0000000000000,00
207000300	 0038919681511,00	 0000000000000,00	 0000000000000,00	 0041778384729,00
207000301	 0031847809700,00	 0000000000000,00	 0000000000000,00	 0000000000000,00
207000309	 0000000000000,00	 0000000000000,00	 0000000000000,00	 0041778384729,00
207000311	 0007071871811,00	 0000000000000,00	 0000000000000,00	 0000000000000,00
207000319	 0000000000000,00	 0000000000000,00	 0000000000000,00	 0000000000000,00
210000000	 0085575412446,00	 0000000000000,00	 0000000000000,00	 0000000000000,00
211000100	 0085575412446,00	 0000000000000,00	 0000000000000,00	 0000000000000,00
211000101	 0034312092638,00	 0000000000000,00	 0000000000000,00	 0000000000000,00
211000102	 0048088400946,00	 0000000000000,00	 0000000000000,00	 0000000000000,00
211000103	 0000000000000,00	 0000000000000,00	 0000000000000,00	 0000000000000,00
211000104	 0000000000000,00	 0000000000000,00	 0000000000000,00	 0000000000000,00
211000105	 0000000000000,00	 0000000000000,00	 0000000000000,00	 0000000000000,00
211000190	 0003174918862,00	 0000000000000,00	 0000000000000,00	 0000000000000,00
213000100	 0000000000000,00	 0000000000000,00	 0000000000000,00	 0000000000000,00
213000101	 0000000000000,00	 0000000000000,00	 0000000000000,00	 0000000000000,00
213000102	 0000000000000,00	 0000000000000,00	 0000000000000,00	 0000000000000,00
213000103	 0000000000000,00	 0000000000000,00	 0000000000000,00	 0000000000000,00
213000109	 0000000000000,00	 0000000000000,00	 0000000000000,00	 0000000000000,00
218000000	 0000000000000,00	 0000000000000,00	 0000000000000,00	 0000000000000,00
218000001	 0000000000000,00	 0000000000000,00	 0000000000000,00	 0000000000000,00
218000002	 0000000000000,00	 0000000000000,00	 0000000000000,00	 0000000000000,00
218000003	 0000000000000,00	 0000000000000,00	 0000000000000,00	 0000000000000,00
218000009	 0000000000000,00	 0000000000000,00	 0000000000000,00	 0000000000000,00
230000000	 0001356769226,00	 0000000000000,00	 0000000000000,00	 0000000000000,00
230000100	 0001356769226,00	 0000000000000,00	 0000000000000,00	 0000000000000,00
230000101	 0000000000000,00	 0000000000000,00	 0000000000000,00	 0000000000000,00
230000102	 0001356769226,00	 0000000000000,00	 0000000000000,00	 0000000000000,00
230000103	 0000000000000,00	 0000000000000,00	 0000000000000,00	 0000000000000,00
230000104	 0000000000000,00	 0000000000000,00	 0000000000000,00	 0000000000000,00
230000105	 0000000000000,00	 0000000000000,00	 0000000000000,00	 0000000000000,00
230000190	 0000000000000,00	 0000000000000,00	 0000000000000,00	 0000000000000,00
240000000	 3572235260087,00	 2262990021065,00	 0000000000000,00	 1152645953603,00
241000000	 0229452331524,00	 0052096969635,00	 0000000000000,00	 0015972311060,00
241000100	 0049591607299,00	 0000000000000,00	 0000000000000,00	 0013741361020,00
241000101	 0000000000000,00	 0000000000000,00	 0000000000000,00	 0000000000000,00
241000102	 0000000000000,00	 0000000000000,00	 0000000000000,00	 0000000000000,00
241000103	 0038912995982,00	 0000000000000,00	 0000000000000,00	 0013741361020,00
241000104	 0010678611317,00	 0000000000000,00	 0000000000000,00	 0000000000000,00
241000200	 0150644980768,00	 0000000000000,00	 0000000000000,00	 0000000000000,00
241000201	 0000000000000,00	 0000000000000,00	 0000000000000,00	 0000000000000,00
241000202	 0150644980768,00	 0000000000000,00	 0000000000000,00	 0000000000000,00
241000300	 0008420680640,00	 0000000000000,00	 0000000000000,00	 0000000000000,00
241000301	 0008420680640,00	 0000000000000,00	 0000000000000,00	 0000000000000,00
241000400	 0000000000000,00	 0000000000000,00	 0000000000000,00	 0000000000000,00
241000401	 0000000000000,00	 0000000000000,00	 0000000000000,00	 0000000000000,00
241000402	 0000000000000,00	 0000000000000,00	 0000000000000,00	 0000000000000,00
241000500	 0020795062817,00	 0052096969635,00	 0000000000000,00	 0002230950040,00
241000501	 0000000000000,00	 0000000000000,00	 0000000000000,00	 0000000000000,00
241000502	 0000454842229,00	 0052054297632,00	 0000000000000,00	 0000000000000,00
241000503	 0000118420442,00	 0000000000000,00	 0000000000000,00	 0000000000000,00
241000504	 0000000000000,00	 0000000000000,00	 0000000000000,00	 0000000000000,00
241000505	 0001692008931,00	 0000000000000,00	 0000000000000,00	 0000000000000,00
241000506	 0000000073115,00	 0000000000000,00	 0000000000000,00	 0000000000000,00
241000507	 0000000000000,00	 0000000000000,00	 0000000000000,00	 0000000000000,00
241000508	 0000000000000,00	 0000000000000,00	 0000000000000,00	 0000000000000,00
241000509	 0000000000000,00	 0000000000000,00	 0000000000000,00	 0000000000000,00
241000510	 0000835768713,00	 0000000000000,00	 0000000000000,00	 0000217029977,00
241000511	 0007284931042,00	 0000000000000,00	 0000000000000,00	 0000000000000,00
241000512	 0000000000000,00	 0000000000000,00	 0000000000000,00	 0000000000000,00
241000513	 0000000000000,00	 0000000000000,00	 0000000000000,00	 0000000000000,00
241000590	 0010409018345,00	 0000042672003,00	 0000000000000,00	 0002013920063,00
242000000	 2106134250664,00	 0431280587793,00	 0000000000000,00	 0568355449522,00
242000100	 1970204424881,00	 0132727952571,00	 0000000000000,00	 0560044216562,00
242000200	 0000000000000,00	 0000000000000,00	 0000000000000,00	 0000000000000,00
242000201	 0000000000000,00	 0000000000000,00	 0000000000000,00	 0000000000000,00
242000202	 0000000000000,00	 0000000000000,00	 0000000000000,00	 0000000000000,00
242000300	 0135929825783,00	 0298552635222,00	 0000000000000,00	 0008311232960,00
242000301	 0000000000000,00	 0000000000000,00	 0000000000000,00	 0000000000000,00
242000302	 0000000000000,00	 0000000000000,00	 0000000000000,00	 0000000000000,00
242000390	 0135929825783,00	 0298552635222,00	 0000000000000,00	 0008311232960,00
243000000	 0242870733189,00	 0000000000000,00	 0000000000000,00	 0284474336363,00
243000100	 0039657118536,00	 0000000000000,00	 0000000000000,00	 0000000000000,00
243000101	 0039657118536,00	 0000000000000,00	 0000000000000,00	 0000000000000,00
243000102	 0000000000000,00	 0000000000000,00	 0000000000000,00	 0000000000000,00
243000103	 0000000000000,00	 0000000000000,00	 0000000000000,00	 0000000000000,00
243000200	 0000000000000,00	 0000000000000,00	 0000000000000,00	 0284474336363,00
243000201	 0000000000000,00	 0000000000000,00	 0000000000000,00	 0284474336363,00
243000202	 0000000000000,00	 0000000000000,00	 0000000000000,00	 0000000000000,00
243000203	 0000000000000,00	 0000000000000,00	 0000000000000,00	 0000000000000,00
243000300	 0203213614653,00	 0000000000000,00	 0000000000000,00	 0000000000000,00
243000301	 0203213614653,00	 0000000000000,00	 0000000000000,00	 0000000000000,00
243000302	 0000000000000,00	 0000000000000,00	 0000000000000,00	 0000000000000,00
243000400	 0000000000000,00	 0000000000000,00	 0000000000000,00	 0000000000000,00
243000401	 0000000000000,00	 0000000000000,00	 0000000000000,00	 0000000000000,00
243000402	 0000000000000,00	 0000000000000,00	 0000000000000,00	 0000000000000,00
244000000	 0908671595450,00	 0000000000000,00	 0000000000000,00	 0283841775187,00
244250000	 0015234393333,00	 0000000000000,00	 0000000000000,00	 0016201128046,00
244250100	 0000000000000,00	 0000000000000,00	 0000000000000,00	 0000000000000,00
244250101	 0000000000000,00	 0000000000000,00	 0000000000000,00	 0000000000000,00
244250102	 0000000000000,00	 0000000000000,00	 0000000000000,00	 0000000000000,00
244250103	 0000000000000,00	 0000000000000,00	 0000000000000,00	 0000000000000,00
244250200	 0015234393333,00	 0000000000000,00	 0000000000000,00	 0016201128046,00
244250201	 0015234393333,00	 0000000000000,00	 0000000000000,00	 0000000000000,00
244250202	 0000000000000,00	 0000000000000,00	 0000000000000,00	 0016201128046,00
244250203	 0000000000000,00	 0000000000000,00	 0000000000000,00	 0000000000000,00
244250204	 0000000000000,00	 0000000000000,00	 0000000000000,00	 0000000000000,00
244250209	 0000000000000,00	 0000000000000,00	 0000000000000,00	 0000000000000,00
244500000	 0000000000000,00	 0000000000000,00	 0000000000000,00	 0267640647141,00
244500100	 0000000000000,00	 0000000000000,00	 0000000000000,00	 0267631906024,00
244500101	 0000000000000,00	 0000000000000,00	 0000000000000,00	 0000000000000,00
244500102	 0000000000000,00	 0000000000000,00	 0000000000000,00	 0267631906024,00
244500103	 0000000000000,00	 0000000000000,00	 0000000000000,00	 0000000000000,00
244500200	 0000000000000,00	 0000000000000,00	 0000000000000,00	 0000008741117,00
244500201	 0000000000000,00	 0000000000000,00	 0000000000000,00	 0000000000000,00
244500202	 0000000000000,00	 0000000000000,00	 0000000000000,00	 0000000000000,00
244500203	 0000000000000,00	 0000000000000,00	 0000000000000,00	 0000008741093,00
244500204	 0000000000000,00	 0000000000000,00	 0000000000000,00	 0000000000000,00
244500209	 0000000000000,00	 0000000000000,00	 0000000000000,00	 0000000000024,00
244700000	 0893437202117,00	 0000000000000,00	 0000000000000,00	 0000000000000,00
244700100	 0893437202117,00	 0000000000000,00	 0000000000000,00	 0000000000000,00
244700200	 0000000000000,00	 0000000000000,00	 0000000000000,00	 0000000000000,00
244900000	 0000000000000,00	 0000000000000,00	 0000000000000,00	 0000000000000,00
244900100	 0000000000000,00	 0000000000000,00	 0000000000000,00	 0000000000000,00
244900200	 0000000000000,00	 0000000000000,00	 0000000000000,00	 0000000000000,00
245000000	 0084818223509,00	 1779612463637,00	 0000000000000,00	 0000000000000,00
245000100	 0000000000000,00	 0000000000000,00	 0000000000000,00	 0000000000000,00
245000101	 0000000000000,00	 0000000000000,00	 0000000000000,00	 0000000000000,00
245000102	 0000000000000,00	 0000000000000,00	 0000000000000,00	 0000000000000,00
245000200	 0084818223509,00	 1779612463637,00	 0000000000000,00	 0000000000000,00
245000201	 0084818223509,00	 1779612463637,00	 0000000000000,00	 0000000000000,00
245000203	 0000000000000,00	 0000000000000,00	 0000000000000,00	 0000000000000,00
246000000	 0000288125751,00	 0000000000000,00	 0000000000000,00	 0000002081471,00
246000100	 0000000000000,00	 0000000000000,00	 0000000000000,00	 0000000000000,00
246000101	 0000000000000,00	 0000000000000,00	 0000000000000,00	 0000000000000,00
246000102	 0000000000000,00	 0000000000000,00	 0000000000000,00	 0000000000000,00
246000200	 0000288125751,00	 0000000000000,00	 0000000000000,00	 0000002081471,00
246000201	 0000000000000,00	 0000000000000,00	 0000000000000,00	 0000000000000,00
246000202	 0000000000000,00	 0000000000000,00	 0000000000000,00	 0000000000000,00
246000203	 0000000000000,00	 0000000000000,00	 0000000000000,00	 0000000000000,00
246000204	 0000288125751,00	 0000000000000,00	 0000000000000,00	 0000002081471,00
246000205	 0000000000000,00	 0000000000000,00	 0000000000000,00	 0000000000000,00
246000206	 0000000000000,00	 0000000000000,00	 0000000000000,00	 0000000000000,00
246000207	 0000000000000,00	 0000000000000,00	 0000000000000,00	 0000000000000,00
246000208	 0000000000000,00	 0000000000000,00	 0000000000000,00	 0000000000000,00
246000290	 0000000000000,00	 0000000000000,00	 0000000000000,00	 0000000000000,00
246000300	 0000000000000,00	 0000000000000,00	 0000000000000,00	 0000000000000,00
246000301	 0000000000000,00	 0000000000000,00	 0000000000000,00	 0000000000000,00
246000302	 0000000000000,00	 0000000000000,00	 0000000000000,00	 0000000000000,00
246000303	 0000000000000,00	 0000000000000,00	 0000000000000,00	 0000000000000,00
246000304	 0000000000000,00	 0000000000000,00	 0000000000000,00	 0000000000000,00
246000305	 0000000000000,00	 0000000000000,00	 0000000000000,00	 0000000000000,00
246000390	 0000000000000,00	 0000000000000,00	 0000000000000,00	 0000000000000,00
250000000	 0000000000000,00	 0006316523442,00	 0000000000000,00	 0000000000000,00
255000000	 0000000000000,00	 0298175871654,00	 0000000000000,00	 0000000000000,00
255000100	 0000000000000,00	 0298175871654,00	 0000000000000,00	 0000000000000,00
255000101	 0000000000000,00	 0000000000000,00	 0000000000000,00	 0000000000000,00
255000102	 0000000000000,00	 0298175871654,00	 0000000000000,00	 0000000000000,00
255000200	 0000000000000,00	 0000000000000,00	 0000000000000,00	 0000000000000,00
255000300	 0000000000000,00	 0000000000000,00	 0000000000000,00	 0000000000000,00
260000000	 0006685428591,00	 0000000000000,00	 0000000000000,00	 0000000000000,00
260000100	 0006685428591,00	 0000000000000,00	 0000000000000,00	 0000000000000,00
260000101	 0004004751184,00	 0000000000000,00	 0000000000000,00	 0000000000000,00
260000102	 0000000000000,00	 0000000000000,00	 0000000000000,00	 0000000000000,00
260000103	 0000000000000,00	 0000000000000,00	 0000000000000,00	 0000000000000,00
260000104	 0002676909583,00	 0000000000000,00	 0000000000000,00	 0000000000000,00
260000105	 0000000000000,00	 0000000000000,00	 0000000000000,00	 0000000000000,00
260000106	 0000000000000,00	 0000000000000,00	 0000000000000,00	 0000000000000,00
260000107	 0000000000000,00	 0000000000000,00	 0000000000000,00	 0000000000000,00
260000109	 0000003767824,00	 0000000000000,00	 0000000000000,00	 0000000000000,00
260000200	 0000000000000,00	 0000000000000,00	 0000000000000,00	 0000000000000,00
260000300	 0000000000000,00	 0000000000000,00	 0000000000000,00	 0000000000000,00
260000400	 0000000000000,00	 0000000000000,00	 0000000000000,00	 0000000000000,00
260000500	 0000000000000,00	 0000000000000,00	 0000000000000,00	 0000000000000,00
260000600	 0000000000000,00	 0000000000000,00	 0000000000000,00	 0000000000000,00
260000900	 0000000000000,00	 0000000000000,00	 0000000000000,00	 0000000000000,00
265000000	 0007273386025,00	 0000000000000,00	 0000000000000,00	 0000000000000,00
265000100	 0007273386025,00	 0000000000000,00	 0000000000000,00	 0000000000000,00
265000101	 0007273386025,00	 0000000000000,00	 0000000000000,00	 0000000000000,00
265000102	 0000000000000,00	 0000000000000,00	 0000000000000,00	 0000000000000,00
265000200	 0000000000000,00	 0000000000000,00	 0000000000000,00	 0000000000000,00
265000300	 0000000000000,00	 0000000000000,00	 0000000000000,00	 0000000000000,00
270000000	 0015121028050,00	 0000000000000,00	 0000000000000,00	 0000299608927,00
271000000	 0001858028050,00	 0000000000000,00	 0000000000000,00	 0000299608927,00
271000100	 0000000000000,00	 0000000000000,00	 0000000000000,00	 0000000000000,00
271000200	 0000000000000,00	 0000000000000,00	 0000000000000,00	 0000088145625,00
271000400	 0001228112844,00	 0000000000000,00	 0000000000000,00	 0000095360554,00
271000500	 0000629915206,00	 0000000000000,00	 0000000000000,00	 0000116102748,00
271000501	 0000000000000,00	 0000000000000,00	 0000000000000,00	 0000000000000,00
271000502	 0000000000000,00	 0000000000000,00	 0000000000000,00	 0000000000000,00
271000503	 0000629915206,00	 0000000000000,00	 0000000000000,00	 0000116102748,00
271000504	 0000000000000,00	 0000000000000,00	 0000000000000,00	 0000000000000,00
271000505	 0000000000000,00	 0000000000000,00	 0000000000000,00	 0000000000000,00
271000600	 0000000000000,00	 0000000000000,00	 0000000000000,00	 0000000000000,00
271000601	 0000000000000,00	 0000000000000,00	 0000000000000,00	 0000000000000,00
271000602	 0000000000000,00	 0000000000000,00	 0000000000000,00	 0000000000000,00
271000700	 0000000000000,00	 0000000000000,00	 0000000000000,00	 0000000000000,00
271000701	 0000000000000,00	 0000000000000,00	 0000000000000,00	 0000000000000,00
271000702	 0000000000000,00	 0000000000000,00	 0000000000000,00	 0000000000000,00
271000703	 0000000000000,00	 0000000000000,00	 0000000000000,00	 0000000000000,00
271000704	 0000000000000,00	 0000000000000,00	 0000000000000,00	 0000000000000,00
271000705	 0000000000000,00	 0000000000000,00	 0000000000000,00	 0000000000000,00
271000800	 0000000000000,00	 0000000000000,00	 0000000000000,00	 0000000000000,00
271000900	 0000000000000,00	 0000000000000,00	 0000000000000,00	 0000000000000,00
272000000	 0000000000000,00	 0000000000000,00	 0000000000000,00	 0000000000000,00
273000000	 0000000000000,00	 0000000000000,00	 0000000000000,00	 0000000000000,00
274000000	 0013263000000,00	 0000000000000,00	 0000000000000,00	 0000000000000,00
274000100	 0013000000000,00	 0000000000000,00	 0000000000000,00	 0000000000000,00
274000200	 0000000000000,00	 0000000000000,00	 0000000000000,00	 0000000000000,00
274000300	 0000263000000,00	 0000000000000,00	 0000000000000,00	 0000000000000,00
275000000	 0000000000000,00	 0000000000000,00	 0000000000000,00	 0000000000000,00
275000100	 0000000000000,00	 0000000000000,00	 0000000000000,00	 0000000000000,00
275000200	 0000000000000,00	 0000000000000,00	 0000000000000,00	 0000000000000,00
275000300	 0000000000000,00	 0000000000000,00	 0000000000000,00	 0000000000000,00
275000400	 0000000000000,00	 0000000000000,00	 0000000000000,00	 0000000000000,00
275000500	 0000000000000,00	 0000000000000,00	 0000000000000,00	 0000000000000,00
275000600	 0000000000000,00	 0000000000000,00	 0000000000000,00	 0000000000000,00
279000000	 0000000000000,00	 0000000000000,00	 0000000000000,00	 0000000000000,00
279000100	 0000000000000,00	 0000000000000,00	 0000000000000,00	 0000000000000,00
279000200	 0000000000000,00	 0000000000000,00	 0000000000000,00	 0000000000000,00
279000300	 0000000000000,00	 0000000000000,00	 0000000000000,00	 0000000000000,00
280000000	 0000000000000,00	 0000000000000,00	 0000000000000,00	 0000000000000,00
285000000	 0000000000000,00	 0000000000000,00	 0000000000000,00	 0000000000000,00
290000000	 0109290738758,00	 0000343488245,00	 0000000000000,00	 0019232644906,00
290000100	 0006769026337,00	 0000000000000,00	 0000000000000,00	 0013808336876,00
290000101	 0006769026337,00	 0000000000000,00	 0000000000000,00	 0000000000000,00
290000102	 0000000000000,00	 0000000000000,00	 0000000000000,00	 0000000000000,00
290000103	 0000000000000,00	 0000000000000,00	 0000000000000,00	 0009643717014,00
290000104	 0000000000000,00	 0000000000000,00	 0000000000000,00	 0004164619862,00
290000200	 0062855918941,00	 0000000000000,00	 0000000000000,00	 0000000000000,00
290000201	 0000000000000,00	 0000000000000,00	 0000000000000,00	 0000000000000,00
290000202	 0062855918941,00	 0000000000000,00	 0000000000000,00	 0000000000000,00
290000203	 0000000000000,00	 0000000000000,00	 0000000000000,00	 0000000000000,00
290000300	 0036111105957,00	 0000343488245,00	 0000000000000,00	 0005368555455,00
290000301	 0000000000000,00	 0000000000000,00	 0000000000000,00	 0000000000000,00
290000302	 0000022560600,00	 0000000000000,00	 0000000000000,00	 0000000000000,00
290000303	 0000000000000,00	 0000000000000,00	 0000000000000,00	 0000000000000,00
290000304	 0000000000000,00	 0000000000000,00	 0000000000000,00	 0000000000000,00
290000305	 0003523740562,00	 0000000000000,00	 0000000000000,00	 0000001587604,00
290000306	 0000000000000,00	 0000000000000,00	 0000000000000,00	 0000000000000,00
290000307	 0011037246416,00	 0000343488245,00	 0000000000000,00	 0000000000000,00
290000308	 0005740549792,00	 0000000000000,00	 0000000000000,00	 0000000000000,00
290000309	 0000000000000,00	 0000000000000,00	 0000000000000,00	 0000000000000,00
290000390	 0015787008587,00	 0000000000000,00	 0000000000000,00	 0005366967851,00
290000400	 0000025224811,00	 0000000000000,00	 0000000000000,00	 0000000000000,00
290000500	 0000000000000,00	 0000000000000,00	 0000000000000,00	 0000000000000,00
290000501	 0000000000000,00	 0000000000000,00	 0000000000000,00	 0000000000000,00
290000502	 0000000000000,00	 0000000000000,00	 0000000000000,00	 0000000000000,00
290000700	 0000018736848,00	 0000000000000,00	 0000000000000,00	 0000000000000,00
290000800	 0000000000000,00	 0000000000000,00	 0000000000000,00	 0000000000000,00
290000801	 0000000000000,00	 0000000000000,00	 0000000000000,00	 0000000000000,00
290000802	 0000000000000,00	 0000000000000,00	 0000000000000,00	 0000000000000,00
290000803	 0000000000000,00	 0000000000000,00	 0000000000000,00	 0000000000000,00
290000809	 0000000000000,00	 0000000000000,00	 0000000000000,00	 0000000000000,00
290000900	 0000742543872,00	 0000000000000,00	 0000000000000,00	 0000000661470,00
290001000	 0000000000000,00	 0000000000000,00	 0000000000000,00	 0000000000000,00
290001100	 0000007445542,00	 0000000000000,00	 0000000000000,00	 0000000764891,00
290001200	 0002760736450,00	 0000000000000,00	 0000000000000,00	 0000054326214,00
295000000	 0000000000000,00	 0000000000000,00	 0000000000000,00	 0000000000000,00
300000000	 0640857154136,00	 0000000000000,00	 0000000000000,00	 0000000000000,00
310000000	 0495572047794,00	 0000000000000,00	 0000000000000,00	 0000000000000,00
311000000	 0495572047794,00	 0000000000000,00	 0000000000000,00	 0000000000000,00
311000100	 0495572047794,00	 0000000000000,00	 0000000000000,00	 0000000000000,00
311000200	 0000000000000,00	 0000000000000,00	 0000000000000,00	 0000000000000,00
311000300	 0000000000000,00	 0000000000000,00	 0000000000000,00	 0000000000000,00
311000400	 0000000000000,00	 0000000000000,00	 0000000000000,00	 0000000000000,00
311000500	 0000000000000,00	 0000000000000,00	 0000000000000,00	 0000000000000,00
311000600	 0000000000000,00	 0000000000000,00	 0000000000000,00	 0000000000000,00
312000000	 0000000000000,00	 0000000000000,00	 0000000000000,00	 0000000000000,00
313000000	 0000000000000,00	 0000000000000,00	 0000000000000,00	 0000000000000,00
320000000	-0018929921793,00	 0000000000000,00	 0000000000000,00	 0000000000000,00
320000100	-0018929921793,00	 0000000000000,00	 0000000000000,00	 0000000000000,00
320000200	 0000000000000,00	 0000000000000,00	 0000000000000,00	 0000000000000,00
320000300	 0000000000000,00	 0000000000000,00	 0000000000000,00	 0000000000000,00
320000400	 0000000000000,00	 0000000000000,00	 0000000000000,00	 0000000000000,00
330000000	-0041726328801,00	 0000000000000,00	 0000000000000,00	 0000000000000,00
331000000	-0000537981038,00	 0000000000000,00	 0000000000000,00	 0000000000000,00
331000100	-0000537981038,00	 0000000000000,00	 0000000000000,00	 0000000000000,00
331000200	 0000000000000,00	 0000000000000,00	 0000000000000,00	 0000000000000,00
331000201	 0000000000000,00	 0000000000000,00	 0000000000000,00	 0000000000000,00
331000202	 0000000000000,00	 0000000000000,00	 0000000000000,00	 0000000000000,00
331000203	 0000000000000,00	 0000000000000,00	 0000000000000,00	 0000000000000,00
331000209	 0000000000000,00	 0000000000000,00	 0000000000000,00	 0000000000000,00
331000300	 0000000000000,00	 0000000000000,00	 0000000000000,00	 0000000000000,00
331000400	 0000000000000,00	 0000000000000,00	 0000000000000,00	 0000000000000,00
331000500	 0000000000000,00	 0000000000000,00	 0000000000000,00	 0000000000000,00
331000900	 0000000000000,00	 0000000000000,00	 0000000000000,00	 0000000000000,00
332000000	-0041188347763,00	 0000000000000,00	 0000000000000,00	 0000000000000,00
332000100	-0043643769583,00	 0000000000000,00	 0000000000000,00	 0000000000000,00
332000200	 0000000000000,00	 0000000000000,00	 0000000000000,00	 0000000000000,00
332000300	 0000000000000,00	 0000000000000,00	 0000000000000,00	 0000000000000,00
332000400	 0002356000807,00	 0000000000000,00	 0000000000000,00	 0000000000000,00
332000500	 0000000000000,00	 0000000000000,00	 0000000000000,00	 0000000000000,00
332000600	 0000000000000,00	 0000000000000,00	 0000000000000,00	 0000000000000,00
332000700	 0000000000000,00	 0000000000000,00	 0000000000000,00	 0000000000000,00
332000900	 0000099421013,00	 0000000000000,00	 0000000000000,00	 0000000000000,00
340000000	 0188969713622,00	 0000000000000,00	 0000000000000,00	 0000000000000,00
340000100	 0188969713629,00	 0000000000000,00	 0000000000000,00	 0000000000000,00
340000200	-0000000000007,00	 0000000000000,00	 0000000000000,00	 0000000000000,00
350000000	 0024244620082,00	 0000000000000,00	 0000000000000,00	 0000000000000,00
360000000	-0007273386025,00	 0000000000000,00	 0000000000000,00	 0000000000000,00
360000100	-0007273386025,00	 0000000000000,00	 0000000000000,00	 0000000000000,00
360000101	-0007273386025,00	 0000000000000,00	 0000000000000,00	 0000000000000,00
360000102	 0000000000000,00	 0000000000000,00	 0000000000000,00	 0000000000000,00
360000200	 0000000000000,00	 0000000000000,00	 0000000000000,00	 0000000000000,00
360000300	 0000000000000,00	 0000000000000,00	 0000000000000,00	 0000000000000,00
365000000	 0000000000000,00	 0000000000000,00	 0000000000000,00	 0000000000000,00
380000000	 0640856744879,00	 0000000000000,00	 0000000000000,00	 0000000000000,00
390000000	 0000000409257,00	 0000000000000,00	 0000000000000,00	 0000000000000,00
500000000	 1468072482334,00	 2802895811548,00	 0015127224674,00	 0463007448370,00
505000000	 1468072482334,00	 2802895811548,00	 0015127224674,00	 0463007448370,00
510000000	 4477314858830,00	 2567825904406,00	 0000000000000,00	 1213956592165,00
