999	SISTEMA FINANCIERO
100000000	 190090674090752,00	 129629241425252,00	 0710703367508,00	 77130546835574,00
105000000	 10795763416197,00	 0000000000000,00	 0000000000000,00	 10049681642395,00
105000100	 3236308669937,00	 0000000000000,00	 0000000000000,00	 0424592616668,00
105000101	 1520606183315,00	 0000000000000,00	 0000000000000,00	 0330076049514,00
105000102	 1714775705057,00	 0000000000000,00	 0000000000000,00	 0050680724703,00
105000103	 0000926781565,00	 0000000000000,00	 0000000000000,00	 0043835842451,00
105000200	 7420907830785,00	 0000000000000,00	 0000000000000,00	 1204325040316,00
105000201	 2186944697141,00	 0000000000000,00	 0000000000000,00	 0960761875897,00
105000202	 2367009027777,00	 0000000000000,00	 0000000000000,00	 0221865964419,00
105000209	 2866954105867,00	 0000000000000,00	 0000000000000,00	 0021697200000,00
105000300	 0000000000000,00	 0000000000000,00	 0000000000000,00	 3133166594019,00
105000301	 0000000000000,00	 0000000000000,00	 0000000000000,00	 0942187340413,00
105000302	 0000000000000,00	 0000000000000,00	 0000000000000,00	 0033517509859,00
105000309	 0000000000000,00	 0000000000000,00	 0000000000000,00	 2157461743747,00
105000400	 0131891667461,00	 0000000000000,00	 0000000000000,00	 0050457745767,00
105000500	 0006655248014,00	 0000000000000,00	 0000000000000,00	 5237139645625,00
107000000	 2438815256638,00	 0022898382093,00	 0000000000000,00	 2934082509799,00
107000100	 0326630753860,00	 0000000000000,00	 0000000000000,00	 0053612197135,00
107000101	 0001499814811,00	 0000000000000,00	 0000000000000,00	 0004617519509,00
107000102	 0313166516347,00	 0000000000000,00	 0000000000000,00	 0041342488482,00
107000103	 0011964422702,00	 0000000000000,00	 0000000000000,00	 0007652189144,00
107000200	 0002310676927,00	 0000000000000,00	 0000000000000,00	 0000000000000,00
107000201	 0000000000000,00	 0000000000000,00	 0000000000000,00	 0000000000000,00
107000202	 0002310676927,00	 0000000000000,00	 0000000000000,00	 0000000000000,00
107000300	 0126824475582,00	 0000000000000,00	 0000000000000,00	 0000000000000,00
107000400	 1983049350269,00	 0022898382093,00	 0000000000000,00	 2880470312664,00
107000401	 1217959523421,00	 0000000000000,00	 0000000000000,00	 0000000482531,00
107000409	 0126520229454,00	 0000000000000,00	 0000000000000,00	 2370812109999,00
107000411	 0614350971226,00	 0022898382093,00	 0000000000000,00	 0013124649554,00
107000419	 0024218626168,00	 0000000000000,00	 0000000000000,00	 0496533070580,00
110000000	 38078655261206,00	 1784797350503,00	 0000000000000,00	 1592661691012,00
111000100	 32243971310639,00	 0492680507491,00	 0000000000000,00	 1273462997717,00
111000101	 5578548085215,00	 0037282724669,00	 0000000000000,00	 0040419668327,00
111000102	 26637765064061,00	 0455397782822,00	 0000000000000,00	 1233001998987,00
111000103	 0006056938791,00	 0000000000000,00	 0000000000000,00	 0000039646267,00
111000104	 0013581569401,00	 0000000000000,00	 0000000000000,00	 0000001684136,00
111000105	 0000000000002,00	 0000000000000,00	 0000000000000,00	 0000000000000,00
111000109	 0008019653169,00	 0000000000000,00	 0000000000000,00	 0000000000000,00
112000000	 5386323042723,00	 1292116843012,00	 0000000000000,00	 0279234438763,00
112000100	 3780197388090,00	 0667788123627,00	 0000000000000,00	 0000000000000,00
112000101	 3330826223243,00	 0001097487111,00	 0000000000000,00	 0000000000000,00
112000102	 0449264064876,00	 0666690636516,00	 0000000000000,00	 0000000000000,00
112000109	 0000107099971,00	 0000000000000,00	 0000000000000,00	 0000000000000,00
112000200	 1606125654633,00	 0624328719385,00	 0000000000000,00	 0006702374730,00
112000201	 1561180546143,00	 0587129307518,00	 0000000000000,00	 0006702374730,00
112000202	 0020535606385,00	 0037199411867,00	 0000000000000,00	 0000000000000,00
112000209	 0024409502105,00	 0000000000000,00	 0000000000000,00	 0000000000000,00
112000300	 0000000000000,00	 0000000000000,00	 0000000000000,00	 0272532064033,00
112000301	 0000000000000,00	 0000000000000,00	 0000000000000,00	 0008799511464,00
112000302	 0000000000000,00	 0000000000000,00	 0000000000000,00	 0260516332564,00
112000303	 0000000000000,00	 0000000000000,00	 0000000000000,00	 0000000000000,00
112000304	 0000000000000,00	 0000000000000,00	 0000000000000,00	 0000000000000,00
112000309	 0000000000000,00	 0000000000000,00	 0000000000000,00	 0003216220005,00
113000000	 0448360907844,00	 0000000000000,00	 0000000000000,00	 0039964254532,00
113000100	 0410099240978,00	 0000000000000,00	 0000000000000,00	 0039964254532,00
113000101	 0339473098264,00	 0000000000000,00	 0000000000000,00	 0001024065634,00
113000102	 0070626142714,00	 0000000000000,00	 0000000000000,00	 0038940188898,00
113000200	 0036588553891,00	 0000000000000,00	 0000000000000,00	 0000000000000,00
113000201	 0028095713682,00	 0000000000000,00	 0000000000000,00	 0000000000000,00
113000202	 0008492840209,00	 0000000000000,00	 0000000000000,00	 0000000000000,00
113000300	 0000000000000,00	 0000000000000,00	 0000000000000,00	 0000000000000,00
113000301	 0000000000000,00	 0000000000000,00	 0000000000000,00	 0000000000000,00
113000302	 0000000000000,00	 0000000000000,00	 0000000000000,00	 0000000000000,00
113000303	 0000000000000,00	 0000000000000,00	 0000000000000,00	 0000000000000,00
113000304	 0000000000000,00	 0000000000000,00	 0000000000000,00	 0000000000000,00
113000400	 0001673112975,00	 0000000000000,00	 0000000000000,00	 0000000000000,00
115000000	 0000186722166,00	 0000000000000,00	 0000000000000,00	 0110948754992,00
115250000	 0000186722166,00	 0000000000000,00	 0000000000000,00	 0000000000000,00
115250100	 0000000000000,00	 0000000000000,00	 0000000000000,00	 0000000000000,00
115250101	 0000000000000,00	 0000000000000,00	 0000000000000,00	 0000000000000,00
115250102	 0000000000000,00	 0000000000000,00	 0000000000000,00	 0000000000000,00
115250109	 0000000000000,00	 0000000000000,00	 0000000000000,00	 0000000000000,00
115250200	 0000000000000,00	 0000000000000,00	 0000000000000,00	 0000000000000,00
115250201	 0000000000000,00	 0000000000000,00	 0000000000000,00	 0000000000000,00
115250202	 0000000000000,00	 0000000000000,00	 0000000000000,00	 0000000000000,00
115250209	 0000000000000,00	 0000000000000,00	 0000000000000,00	 0000000000000,00
115250300	 0000186722166,00	 0000000000000,00	 0000000000000,00	 0000000000000,00
115250301	 0000000000000,00	 0000000000000,00	 0000000000000,00	 0000000000000,00
115250302	 0000000000000,00	 0000000000000,00	 0000000000000,00	 0000000000000,00
115250303	 0000186722166,00	 0000000000000,00	 0000000000000,00	 0000000000000,00
115250304	 0000000000000,00	 0000000000000,00	 0000000000000,00	 0000000000000,00
115250309	 0000000000000,00	 0000000000000,00	 0000000000000,00	 0000000000000,00
115500000	 0000000000000,00	 0000000000000,00	 0000000000000,00	 0110948754992,00
115500100	 0000000000000,00	 0000000000000,00	 0000000000000,00	 0000000000000,00
115500101	 0000000000000,00	 0000000000000,00	 0000000000000,00	 0000000000000,00
115500102	 0000000000000,00	 0000000000000,00	 0000000000000,00	 0000000000000,00
115500300	 0000000000000,00	 0000000000000,00	 0000000000000,00	 0110948754992,00
115500301	 0000000000000,00	 0000000000000,00	 0000000000000,00	 0000000000000,00
115500302	 0000000000000,00	 0000000000000,00	 0000000000000,00	 0110948754992,00
115500303	 0000000000000,00	 0000000000000,00	 0000000000000,00	 0000000000000,00
115500304	 0000000000000,00	 0000000000000,00	 0000000000000,00	 0000000000000,00
115500400	 0000000000000,00	 0000000000000,00	 0000000000000,00	 0000000000000,00
118000000	 0000000000000,00	 0000000000000,00	 0000000000000,00	 0000000000000,00
118250000	 0000000000000,00	 0000000000000,00	 0000000000000,00	 0000000000000,00
118250100	 0000000000000,00	 0000000000000,00	 0000000000000,00	 0000000000000,00
118250101	 0000000000000,00	 0000000000000,00	 0000000000000,00	 0000000000000,00
118250102	 0000000000000,00	 0000000000000,00	 0000000000000,00	 0000000000000,00
118250109	 0000000000000,00	 0000000000000,00	 0000000000000,00	 0000000000000,00
118250200	 0000000000000,00	 0000000000000,00	 0000000000000,00	 0000000000000,00
118250201	 0000000000000,00	 0000000000000,00	 0000000000000,00	 0000000000000,00
118250202	 0000000000000,00	 0000000000000,00	 0000000000000,00	 0000000000000,00
118250209	 0000000000000,00	 0000000000000,00	 0000000000000,00	 0000000000000,00
118250300	 0000000000000,00	 0000000000000,00	 0000000000000,00	 0000000000000,00
118250301	 0000000000000,00	 0000000000000,00	 0000000000000,00	 0000000000000,00
118250302	 0000000000000,00	 0000000000000,00	 0000000000000,00	 0000000000000,00
118250303	 0000000000000,00	 0000000000000,00	 0000000000000,00	 0000000000000,00
118250304	 0000000000000,00	 0000000000000,00	 0000000000000,00	 0000000000000,00
118250309	 0000000000000,00	 0000000000000,00	 0000000000000,00	 0000000000000,00
118500000	 0000000000000,00	 0000000000000,00	 0000000000000,00	 0000000000000,00
118500300	 0000000000000,00	 0000000000000,00	 0000000000000,00	 0000000000000,00
118500301	 0000000000000,00	 0000000000000,00	 0000000000000,00	 0000000000000,00
118500302	 0000000000000,00	 0000000000000,00	 0000000000000,00	 0000000000000,00
118500303	 0000000000000,00	 0000000000000,00	 0000000000000,00	 0000000000000,00
118500304	 0000000000000,00	 0000000000000,00	 0000000000000,00	 0000000000000,00
118500400	 0000000000000,00	 0000000000000,00	 0000000000000,00	 0000000000000,00
120000000	 35548843216056,00	 5294897487967,00	 0000000000000,00	 7404631188394,00
122000000	 35460109985467,00	 5279770616379,00	 0000000000000,00	 7286876915854,00
122000100	 31857077083459,00	 2544379931858,00	 0000000000000,00	 0400334279734,00
122000101	 24747008006549,00	 0000544621275,00	 0000000000000,00	 0000000000000,00
122000102	 7110069076910,00	 2525018234066,00	 0000000000000,00	 0290131662331,00
122000109	 0000000000000,00	 0018817076517,00	 0000000000000,00	 0110202617403,00
122000200	 3607172081164,00	 2735390684521,00	 0000000000000,00	 0155498705036,00
122000201	 3471362564336,00	 1985417532143,00	 0000000000000,00	 0024512075676,00
122000202	 0133819025482,00	 0749973152378,00	 0000000000000,00	 0045502623073,00
122000209	 0001990491346,00	 0000000000000,00	 0000000000000,00	 0085484006287,00
122000300	-0004139179156,00	 0000000000000,00	 0000000000000,00	 6731043931084,00
122000301	 0000000000000,00	 0000000000000,00	 0000000000000,00	 1486206396314,00
122000302	 0000000000000,00	 0000000000000,00	 0000000000000,00	 3752594549068,00
122000303	-0003079769060,00	 0000000000000,00	 0000000000000,00	 0351544410963,00
122000304	-0001059410096,00	 0000000000000,00	 0000000000000,00	 0025684740210,00
122000309	 0000000000000,00	 0000000000000,00	 0000000000000,00	 1115013834529,00
123000000	 0088733230589,00	 0015126871588,00	 0000000000000,00	 0117754272540,00
123000300	 0082923112721,00	 0015126871588,00	 0000000000000,00	 0111403701568,00
123000301	 0000000000000,00	 0000000000000,00	 0000000000000,00	 0000000000000,00
123000302	 0082923112721,00	 0015126871588,00	 0000000000000,00	 0111403701568,00
123000303	 0000000000000,00	 0000000000000,00	 0000000000000,00	 0000000000000,00
123000304	 0000000000000,00	 0000000000000,00	 0000000000000,00	 0000000000000,00
123000400	 0005810117868,00	 0000000000000,00	 0000000000000,00	 0006350570972,00
130000000	 2238149910068,00	 0090773705842,00	 0000000000000,00	 0441798190205,00
130000100	 2238149910068,00	 0090773705842,00	 0000000000000,00	 0441798190205,00
130000101	 0009244545724,00	 0016108349089,00	 0000000000000,00	 0012481693704,00
130000102	 2228905364344,00	 0074665356753,00	 0000000000000,00	 0429316496501,00
130000103	 0000000000000,00	 0000000000000,00	 0000000000000,00	 0000000000000,00
130000104	 0000000000000,00	 0000000000000,00	 0000000000000,00	 0000000000000,00
130000105	 0000000000000,00	 0000000000000,00	 0000000000000,00	 0000000000000,00
130000190	 0000000000000,00	 0000000000000,00	 0000000000000,00	 0000000000000,00
140000000	 88510745524543,00	 121956295716218,00	 0628030749915,00	 47847515710144,00
141000000	 0542894249302,00	 0000000000000,00	 0000000000000,00	 0170714626825,00
141000100	 0000000000000,00	 0000000000000,00	 0000000000000,00	 0000000000000,00
141000101	 0000000000000,00	 0000000000000,00	 0000000000000,00	 0000000000000,00
141000102	 0000000000000,00	 0000000000000,00	 0000000000000,00	 0000000000000,00
141000103	 0000000000000,00	 0000000000000,00	 0000000000000,00	 0000000000000,00
141000200	 0000000000000,00	 0000000000000,00	 0000000000000,00	 0102253139820,00
141000201	 0000000000000,00	 0000000000000,00	 0000000000000,00	 0003261306264,00
141000202	 0000000000000,00	 0000000000000,00	 0000000000000,00	 0098991833556,00
141000203	 0000000000000,00	 0000000000000,00	 0000000000000,00	 0000000000000,00
141000300	 0542929251329,00	 0000000000000,00	 0000000000000,00	 0000000000000,00
141000301	 0542929251329,00	 0000000000000,00	 0000000000000,00	 0000000000000,00
141000302	 0000000000000,00	 0000000000000,00	 0000000000000,00	 0000000000000,00
141000400	 0000000000000,00	 0000000000000,00	 0000000000000,00	 0068461487005,00
141000401	 0000000000000,00	 0000000000000,00	 0000000000000,00	 0068461487005,00
141000402	 0000000000000,00	 0000000000000,00	 0000000000000,00	 0000000000000,00
141000900	-0000035002027,00	 0000000000000,00	 0000000000000,00	 0000000000000,00
141000901	-0000035002027,00	 0000000000000,00	 0000000000000,00	 0000000000000,00
141000902	 0000000000000,00	 0000000000000,00	 0000000000000,00	 0000000000000,00
141000903	 0000000000000,00	 0000000000000,00	 0000000000000,00	 0000000000000,00
141500000	 8439127736242,00	 3671028699200,00	 0000000000000,00	 3018297134282,00
141500100	 7123969482891,00	 2830421823741,00	 0000000000000,00	 0021100115659,00
141500101	 0000000000000,00	 0000000000000,00	 0000000000000,00	 0000000000000,00
141500102	 7123969482891,00	 2830421823741,00	 0000000000000,00	 0021100115659,00
141500109	 0000000000000,00	 0000000000000,00	 0000000000000,00	 0000000000000,00
141500200	 1331561762087,00	 0846891067388,00	 0000000000000,00	 0000644237883,00
141500201	 1257781227411,00	 0791470625937,00	 0000000000000,00	 0000644237883,00
141500202	 0049735709637,00	 0055420441451,00	 0000000000000,00	 0000000000000,00
141500209	 0024044825039,00	 0000000000000,00	 0000000000000,00	 0000000000000,00
141500300	 0000000000000,00	 0000000000000,00	 0000000000000,00	 3030899042668,00
141500301	 0000000000000,00	 0000000000000,00	 0000000000000,00	 0000000000000,00
141500302	 0000000000000,00	 0000000000000,00	 0000000000000,00	 0404571214705,00
141500303	 0000000000000,00	 0000000000000,00	 0000000000000,00	 0040971922222,00
141500304	 0000000000000,00	 0000000000000,00	 0000000000000,00	 0063673728106,00
141500309	 0000000000000,00	 0000000000000,00	 0000000000000,00	 2521682177635,00
141500900	-0016403508736,00	-0006284191929,00	 0000000000000,00	-0034346261928,00
141500901	-0007079776850,00	-0000392752411,00	 0000000000000,00	-0015709271568,00
141500902	-0004587888709,00	 0000000000000,00	 0000000000000,00	 0000000000000,00
141500903	-0004735843177,00	-0005891439518,00	 0000000000000,00	-0018636990360,00
143000000	 1902831146657,00	 0000000000000,00	 0000000000000,00	 1602751091611,00
143100100	 0000000000001,00	 0000000000000,00	 0000000000000,00	 0028692071415,00
143100101	 0000000000000,00	 0000000000000,00	 0000000000000,00	 0000000000000,00
143100102	 0000000000000,00	 0000000000000,00	 0000000000000,00	 0028692071415,00
143100103	 0000000000000,00	 0000000000000,00	 0000000000000,00	 0000000000000,00
143100104	 0000000000000,00	 0000000000000,00	 0000000000000,00	 0000000000000,00
143100105	 0000000000000,00	 0000000000000,00	 0000000000000,00	 0000000000000,00
143100106	 0000000000000,00	 0000000000000,00	 0000000000000,00	 0000000000000,00
143100107	 0000000000000,00	 0000000000000,00	 0000000000000,00	 0000000000000,00
143100190	 0000000000001,00	 0000000000000,00	 0000000000000,00	 0000000000000,00
143150100	 0000000000000,00	 0000000000000,00	 0000000000000,00	-0000017875649,00
143150101	 0000000000000,00	 0000000000000,00	 0000000000000,00	-0000017875649,00
143150102	 0000000000000,00	 0000000000000,00	 0000000000000,00	 0000000000000,00
143150103	 0000000000000,00	 0000000000000,00	 0000000000000,00	 0000000000000,00
143200100	 0000000000000,00	 0000000000000,00	 0000000000000,00	 1575844265543,00
143200101	 0000000000000,00	 0000000000000,00	 0000000000000,00	 0221916577578,00
143200102	 0000000000000,00	 0000000000000,00	 0000000000000,00	 0811909287752,00
143200103	 0000000000000,00	 0000000000000,00	 0000000000000,00	 0000000000000,00
143200104	 0000000000000,00	 0000000000000,00	 0000000000000,00	 0216942444878,00
143200105	 0000000000000,00	 0000000000000,00	 0000000000000,00	 0000000000000,00
143200106	 0000000000000,00	 0000000000000,00	 0000000000000,00	 0325075955335,00
143200107	 0000000000000,00	 0000000000000,00	 0000000000000,00	 0000000000000,00
143200108	 0000000000000,00	 0000000000000,00	 0000000000000,00	 0000000000000,00
143200190	 0000000000000,00	 0000000000000,00	 0000000000000,00	 0000000000000,00
143250100	-0001327805334,00	 0000000000000,00	 0000000000000,00	-0001767369698,00
143250101	-0001327805334,00	 0000000000000,00	 0000000000000,00	-0001767369698,00
143250102	 0000000000000,00	 0000000000000,00	 0000000000000,00	 0000000000000,00
143250103	 0000000000000,00	 0000000000000,00	 0000000000000,00	 0000000000000,00
143300100	 1904158951990,00	 0000000000000,00	 0000000000000,00	 0000000000000,00
143300101	 0002447840879,00	 0000000000000,00	 0000000000000,00	 0000000000000,00
143300102	 1901711111111,00	 0000000000000,00	 0000000000000,00	 0000000000000,00
143300103	 0000000000000,00	 0000000000000,00	 0000000000000,00	 0000000000000,00
143400100	 0000000000000,00	 0000000000000,00	 0000000000000,00	 0000000000000,00
143400101	 0000000000000,00	 0000000000000,00	 0000000000000,00	 0000000000000,00
143400102	 0000000000000,00	 0000000000000,00	 0000000000000,00	 0000000000000,00
143400103	 0000000000000,00	 0000000000000,00	 0000000000000,00	 0000000000000,00
144000000	 77625892392342,00	 118285267017018,00	 0628030749915,00	 43055752857426,00
145000000	 55495725952779,00	 41375469772861,00	 0629618781493,00	 39407062063654,00
145400100	 47260541989266,00	 34456421531456,00	 0042458087961,00	 27482365066200,00
145400101	 47179788856861,00	 28602665987138,00	 0042458087961,00	 11684497424243,00
145400102	 0000000000000,00	 0000000000000,00	 0000000000000,00	 8989208149386,00
145400103	 0000000000000,00	 0492721377835,00	 0000000000000,00	 0000000000000,00
145400104	 0000005382817,00	 0139007222461,00	 0000000000000,00	 0000000000000,00
145400105	 0000175652306,00	 1342893379701,00	 0000000000000,00	 6808659492571,00
145400106	 0080572097282,00	 3879133564321,00	 0000000000000,00	 0000000000000,00
145400200	 0536200449144,00	 0002254786927,00	 0000729213635,00	 9992829636979,00
145400201	 0000000000000,00	 0000000000000,00	 0000000000000,00	 0017681246339,00
145400202	 0406216258543,00	 0002168232275,00	 0000000000000,00	 6362202553537,00
145400203	 0031208280709,00	 0000000000000,00	 0000372416907,00	 0862204216774,00
145400204	 0098775909892,00	 0000086554652,00	 0000356347684,00	 2435592313389,00
145400205	 0000000000000,00	 0000000000000,00	 0000000449044,00	 0035660277985,00
145400290	 0000000000000,00	 0000000000000,00	 0000000000000,00	 0279489028955,00
145400300	 1045585305197,00	 0000000000000,00	 0000000000000,00	 0015648251643,00
145400400	 0332706441791,00	 0000000002479,00	 0000000000000,00	 0032903194734,00
145400401	 0242348423796,00	 0000000002479,00	 0000000000000,00	 0032822942307,00
145400402	 0090358017995,00	 0000000000000,00	 0000000000000,00	 0000080252427,00
145400500	 2509530228538,00	 0197571354852,00	 0000493002916,00	 1125223483180,00
145400501	 1283900931256,00	 0007575052639,00	 0000000000000,00	 0161706212295,00
145400502	 1225629297282,00	 0189996302213,00	 0000493002916,00	 0963517270885,00
145400600	 3559236729795,00	 3826057292306,00	 0583410694914,00	 0756785815134,00
145400601	 1303288186786,00	 2612891827570,00	 0124013706443,00	 0611040001247,00
145400602	 2255948543009,00	 1213165464736,00	 0459396988471,00	 0145745813887,00
145400700	 0002155470827,00	 2863955174408,00	 0000000000000,00	 0000000000000,00
145400701	 0000401044108,00	 2743074760145,00	 0000000000000,00	 0000000000000,00
145400702	 0000000000135,00	 0016571109812,00	 0000000000000,00	 0000000000000,00
145400703	 0001754426584,00	 0104309304451,00	 0000000000000,00	 0000000000000,00
145400900	 0249769338221,00	 0029209630433,00	 0002527782067,00	 0001306615784,00
145400901	 0000000000000,00	 0000000000000,00	 0000000000000,00	 0000000000000,00
145400902	 0024869023837,00	 0012649685905,00	 0000000000000,00	 0000019970895,00
145400990	 0224900314384,00	 0016559944528,00	 0002527782067,00	 0001286644889,00
146000000	 0054912655136,00	 76818689212323,00	 0000000000000,00	 3510390144140,00
146000100	 0000014608196,00	 0384727545725,00	 0000000000000,00	 0000000000000,00
146000200	 0000665735906,00	 2810226999488,00	 0000000000000,00	 2892288641629,00
146000300	 0000000000000,00	 0087224895800,00	 0000000000000,00	 0000000000000,00
146000400	 0051512586653,00	 72811182731959,00	 0000000000000,00	 0355294575505,00
146000401	 0004666578104,00	 36931781036020,00	 0000000000000,00	 0000000000000,00
146000402	 0046846008549,00	 35879401695939,00	 0000000000000,00	 0355294575505,00
146000500	 0000000000000,00	 0040223883063,00	 0000000000000,00	 0262806927006,00
146000900	 0002719724381,00	 0685103156288,00	 0000000000000,00	 0000000000000,00
146000901	 0001521782136,00	 0591359740075,00	 0000000000000,00	 0000000000000,00
146000902	 0000001029779,00	 0008421704526,00	 0000000000000,00	 0000000000000,00
146000903	 0000000000000,00	 0000000000000,00	 0000000000000,00	 0000000000000,00
146000909	 0001196912466,00	 0085321711687,00	 0000000000000,00	 0000000000000,00
148000000	 27465524893621,00	 0095825493950,00	 0000000000000,00	 0962715792815,00
148000100	 15061328405229,00	 0095484804702,00	 0000000000000,00	 0526685647380,00
148000200	 1009972105484,00	 0000000000000,00	 0000000000000,00	 0001168602897,00
148000300	 11387255107984,00	 0000000000000,00	 0000000000000,00	 0366383193003,00
148000301	 7800584291884,00	 0000000000000,00	 0000000000000,00	 0366313304942,00
148000302	 3586670816100,00	 0000000000000,00	 0000000000000,00	 0000069888061,00
148000400	 0003479981712,00	 0000340689248,00	 0000000000000,00	 0000059669380,00
148000900	 0003489293212,00	 0000000000000,00	 0000000000000,00	 0068418680155,00
148000901	 0000479166763,00	 0000000000000,00	 0000000000000,00	 0067671528264,00
148000902	 0003010126449,00	 0000000000000,00	 0000000000000,00	 0000747151891,00
149000000	-5390271109194,00	-0004717462116,00	-0001588031578,00	-0824415143183,00
149500100	-2749814391198,00	-0004633556692,00	-0001588031578,00	-0699748383822,00
149500101	-0500457248917,00	-0000563439237,00	-0001409399295,00	-0329099154083,00
149500102	-0168369931621,00	 0000000000000,00	-0000153778379,00	-0056930274883,00
149500103	-0871628931587,00	-0004038505561,00	-0000014059305,00	-0287488335495,00
149500104	-0324368820203,00	-0000001436770,00	-0000010794599,00	-0013433502414,00
149500105	-0759347933009,00	-0000030175124,00	 0000000000000,00	-0012797116947,00
149500109	-0125641525861,00	 0000000000000,00	 0000000000000,00	 0000000000000,00
149600100	-0415502674706,00	-0000083905424,00	 0000000000000,00	-0063087525478,00
149600101	-0139163683844,00	-0000034409307,00	 0000000000000,00	-0056224314352,00
149600102	-0276338990862,00	-0000049496117,00	 0000000000000,00	-0006863211126,00
149700100	-2224954043290,00	 0000000000000,00	 0000000000000,00	-0061579233883,00
149700101	-1155319456687,00	 0000000000000,00	 0000000000000,00	-0031343467343,00
149700102	-1069634586603,00	 0000000000000,00	 0000000000000,00	-0030235766540,00
150000000	 0221051770112,00	 0000000000000,00	 0000000000000,00	 0116747633962,00
150000100	 0000000000000,00	 0000000000000,00	 0000000000000,00	 0000000000000,00
150000200	 0000000000000,00	 0000000000000,00	 0000000000000,00	 0000000000000,00
150000201	 0000000000000,00	 0000000000000,00	 0000000000000,00	 0000000000000,00
150000202	 0000000000000,00	 0000000000000,00	 0000000000000,00	 0000000000000,00
150000300	 0179175731641,00	 0000000000000,00	 0000000000000,00	 0000000000000,00
150000400	 0000000000000,00	 0000000000000,00	 0000000000000,00	 0000000000000,00
150000500	 0009075561056,00	 0000000000000,00	 0000000000000,00	 0000000000000,00
150000600	 0000000000000,00	 0000000000000,00	 0000000000000,00	 0000000000000,00
150000700	 0029757962262,00	 0000000000000,00	 0000000000000,00	 0000046551469,00
150000800	 0003042515153,00	 0000000000000,00	 0000000000000,00	 0116701082493,00
160000000	 1496764304206,00	 0000000000000,00	 0032301834709,00	 0194799259439,00
160000100	 0512130032012,00	 0000000000000,00	 0012949260267,00	 0128636708901,00
160000200	 0133858529174,00	 0000000000000,00	 0019352574442,00	 0012822621703,00
160000201	 0061260522747,00	 0000000000000,00	 0000000000000,00	 0000000000000,00
160000202	 0138425434255,00	 0000000000000,00	 0000000000000,00	 0000000000000,00
160000203	 0111635885343,00	 0000000000000,00	 0050342500000,00	 0050253897200,00
160000204	 0056155418102,00	 0000000000000,00	 0014498640000,00	 0000000000000,00
160000205	 0002538440057,00	 0000000000000,00	 0000000000000,00	 0000000000000,00
160000206	 0008507939406,00	 0000000000000,00	 0000000000000,00	 0000000000000,00
160000207	 0006641704427,00	 0000000000000,00	 0000000000000,00	 0000000000000,00
160000208	 0000000000000,00	 0000000000000,00	 0000000000000,00	 0000766508107,00
160000209	 0003201770452,00	 0000000000000,00	 0003229974800,00	 0002319782400,00
160000219	-0254508585615,00	 0000000000000,00	-0048718540358,00	-0040517566004,00
160000300	 0850775743020,00	 0000000000000,00	 0000000000000,00	 0053339928835,00
160000301	 1119739619947,00	 0000000000000,00	 0000000000000,00	 0044722756109,00
160000302	 1057030391316,00	 0000000000000,00	 0000000000000,00	 0056732772436,00
160000303	 0000000000000,00	 0000000000000,00	 0000000000000,00	 0000000000000,00
160000309	 0013570954182,00	 0000000000000,00	 0000000000000,00	 0013551164688,00
160000319	-1339565222425,00	 0000000000000,00	 0000000000000,00	-0061666764398,00
170000000	 1083107023810,00	 0000000000000,00	 0000000000000,00	 0064864203573,00
170000100	 0673853654170,00	 0000000000000,00	 0000000000000,00	 0049061313318,00
170000101	 0854839918590,00	 0000000000000,00	 0000000000000,00	 0032249726193,00
170000102	 0177948813628,00	 0000000000000,00	 0000000000000,00	 0023498355157,00
170000119	-0358935078048,00	 0000000000000,00	 0000000000000,00	-0006686768032,00
170000200	 0409253369640,00	 0000000000000,00	 0000000000000,00	 0015802890255,00
170000201	 1185905550716,00	 0000000000000,00	 0000000000000,00	 0053797605914,00
170000209	 0541927966287,00	 0000000000000,00	 0000000000000,00	 0008710443229,00
170000219	-1318580147363,00	 0000000000000,00	 0000000000000,00	-0046705158888,00
175000000	 0545307491884,00	 0355224336427,00	 0000000000000,00	 0070831787438,00
175000100	 0438081282246,00	 0294733045400,00	 0000000000000,00	 0058161412724,00
175000101	 0768312593699,00	 0463884148605,00	 0000000000000,00	 0104540058045,00
175000102	 0000869900133,00	 0000000000000,00	 0000000000000,00	 0000000000000,00
175000119	-0331101211586,00	-0169151103205,00	 0000000000000,00	-0046378645321,00
175000200	 0106407232995,00	 0060491291027,00	 0000000000000,00	 0012670374714,00
175000201	 0279092030426,00	 0131859030070,00	 0000000000000,00	 0029002632188,00
175000219	-0172684797431,00	-0071367739043,00	 0000000000000,00	-0016332257474,00
175000300	 0000000000000,00	 0000000000000,00	 0000000000000,00	 0000000000000,00
175000301	 0000000000000,00	 0000000000000,00	 0000000000000,00	 0000000000000,00
175000309	 0000000000000,00	 0000000000000,00	 0000000000000,00	 0000000000000,00
175000319	 0000000000000,00	 0000000000000,00	 0000000000000,00	 0000000000000,00
175000400	 0000818976643,00	 0000000000000,00	 0000000000000,00	 0000000000000,00
175000401	 0000000000000,00	 0000000000000,00	 0000000000000,00	 0000000000000,00
175000409	 0001458463273,00	 0000000000000,00	 0000000000000,00	 0000000000000,00
175000419	-0000639486630,00	 0000000000000,00	 0000000000000,00	 0000000000000,00
180000000	 0761106614465,00	 0046934516449,00	 0000000000000,00	 0056549344653,00
185000000	 3967129078456,00	 0000000000000,00	 0000000000000,00	 0192207847654,00
190000000	 4247647458089,00	 0077419929753,00	 0050370782884,00	 6044342616171,00
190000100	 0417161153230,00	 0040510089453,00	 0011018719937,00	 0021348055361,00
190000101	 0417069520698,00	 0040471111579,00	 0011018719937,00	 0018822800112,00
190000102	 0000000000000,00	 0000038977874,00	 0000000000000,00	 0001773237075,00
190000103	 0000091632532,00	 0000000000000,00	 0000000000000,00	 0000752018174,00
190000200	 0661834235009,00	 0000000000000,00	 0000000000000,00	 4683306925467,00
190000201	 0222700948653,00	 0000000000000,00	 0000000000000,00	 0001051983619,00
190000202	 0000000000000,00	 0000000000000,00	 0000000000000,00	 0224674906367,00
190000203	 0396126767107,00	 0000000000000,00	 0000000000000,00	 0501875100377,00
190000204	 0043006519249,00	 0000000000000,00	 0000000000000,00	 3955704935104,00
190000300	 0939471858733,00	 0000000000000,00	 0000000000000,00	 0003901945138,00
190000301	 0696757887017,00	 0000000000000,00	 0000000000000,00	 0003901945138,00
190000302	 0242713971716,00	 0000000000000,00	 0000000000000,00	 0000000000000,00
190000303	 0000000000000,00	 0000000000000,00	 0000000000000,00	 0000000000000,00
190000400	 0000000000000,00	 0000000000000,00	 0000000000000,00	 0000000000000,00
190000401	 0000000000000,00	 0000000000000,00	 0000000000000,00	 0000000000000,00
190000402	 0000000000000,00	 0000000000000,00	 0000000000000,00	 0000000000000,00
190000500	 0799622130607,00	 0011828671142,00	 0001069185575,00	 0117918880574,00
190000501	 0008097697698,00	 0000000000000,00	 0000000000000,00	 0000000000000,00
190000502	 0000000000000,00	 0000000000000,00	 0000000000000,00	 0000816438194,00
190000503	 0222633214120,00	 0005471391451,00	 0000000000000,00	 0000000000000,00
190000504	 0011914829296,00	 0004024064593,00	 0000000000000,00	 0000000000000,00
190000505	 0038768478186,00	 0000924480788,00	 0000000000000,00	 0007894559331,00
190000509	 0518207911307,00	 0001408734310,00	 0001069185575,00	 0109207883049,00
190000600	 0004354154055,00	 0000000000000,00	 0000000000000,00	 0000000000000,00
190000700	 0012000506845,00	 0000000000000,00	 0000000000000,00	 0002620888957,00
190000701	 0017628656634,00	 0000000000000,00	 0000000000000,00	 0005036856929,00
190000702	-0005628149789,00	 0000000000000,00	 0000000000000,00	-0002415967972,00
190000800	 0069046216763,00	 0000000000000,00	 0000000000000,00	 0000351262294,00
190000900	 0479717850040,00	 0000000000000,00	 0000000000000,00	 0028321159916,00
190001000	 0198092395726,00	 0000000000000,00	 0000000000000,00	 0000000000000,00
190001100	 0000000000000,00	 0000000000000,00	 0000000000000,00	 0418427502109,00
190001200	 0030580104755,00	 0000000000000,00	 0000000000000,00	 0001552199528,00
190001300	 0000737624223,00	 0000000000000,00	 0000000000000,00	 0007404634523,00
190001400	 0020232589322,00	 0006570003040,00	 0000000000000,00	 0546383119659,00
190001500	 0126533443336,00	 0000204207570,00	 0000000000000,00	 0089542995305,00
190002900	 0490801146037,00	 0018306958548,00	 0038282877372,00	 0123263047340,00
192500100	-0002537950592,00	 0000000000000,00	 0000000000000,00	 0000000000000,00
192500101	-0001773205750,00	 0000000000000,00	 0000000000000,00	 0000000000000,00
192500102	-0000039923035,00	 0000000000000,00	 0000000000000,00	 0000000000000,00
192500103	-0000724821807,00	 0000000000000,00	 0000000000000,00	 0000000000000,00
195000000	 0157401042856,00	 0000000000000,00	 0000000000000,00	 0008884455743,00
195000100	 0083185063978,00	 0000000000000,00	 0000000000000,00	 0002323309943,00
195000101	 0014394263185,00	 0000000000000,00	 0000000000000,00	 0012868306935,00
195000102	 0072065262430,00	 0000000000000,00	 0000000000000,00	 0000000000000,00
195000103	-0003274461637,00	 0000000000000,00	 0000000000000,00	-0010544996992,00
195000200	 0074215978878,00	 0000000000000,00	 0000000000000,00	 0006561145800,00
195000201	 0000000000000,00	 0000000000000,00	 0000000000000,00	 0000000000000,00
195000202	 0000000000000,00	 0000000000000,00	 0000000000000,00	 0000000000000,00
195000203	 0002393789707,00	 0000000000000,00	 0000000000000,00	 0000108464299,00
195000204	 0071822189171,00	 0000000000000,00	 0000000000000,00	 0006452681501,00
195000219	 0000000000000,00	 0000000000000,00	 0000000000000,00	 0000000000000,00
195000300	 0000000000000,00	 0000000000000,00	 0000000000000,00	 0000000000000,00
200000000	 210390089070806,00	 71029632157988,00	 0115285613583,00	 87518807902332,00
207000000	 2626417704441,00	 0023492126397,00	 0000000000000,00	 2702946981981,00
207000100	 0000815553395,00	 0000000000000,00	 0000000000000,00	 0000000000000,00
207000101	 0000000000000,00	 0000000000000,00	 0000000000000,00	 0000000000000,00
207000102	 0000815553395,00	 0000000000000,00	 0000000000000,00	 0000000000000,00
207000200	 0252309373907,00	 0000000000000,00	 0000000000000,00	 0000000000000,00
207000300	 2373292777139,00	 0023492126397,00	 0000000000000,00	 2702946981981,00
207000301	 1367749344645,00	 0000000000000,00	 0000000000000,00	 0042543154064,00
207000309	 0419786605335,00	 0000000000000,00	 0000000000000,00	 2386861414901,00
207000311	 0413402949743,00	 0023492126397,00	 0000000000000,00	 0013279960632,00
207000319	 0172353877416,00	 0000000000000,00	 0000000000000,00	 0260262452384,00
210000000	 31126261033988,00	 0280756894500,00	 0000000000000,00	 1285450514166,00
211000100	 31125090355447,00	 0280756894500,00	 0000000000000,00	 1284651886311,00
211000101	 6342274559097,00	 0014274243207,00	 0000000000000,00	 0096716133919,00
211000102	 24760729962745,00	 0266482651293,00	 0000000000000,00	 1187779770967,00
211000103	 0002968850695,00	 0000000000000,00	 0000000000000,00	 0000124606620,00
211000104	 0015696875935,00	 0000000000000,00	 0000000000000,00	 0000031374805,00
211000105	 0000245188113,00	 0000000000000,00	 0000000000000,00	 0000000000000,00
211000190	 0003174918862,00	 0000000000000,00	 0000000000000,00	 0000000000000,00
213000100	 0001170678541,00	 0000000000000,00	 0000000000000,00	 0000798627855,00
213000101	 0000000000000,00	 0000000000000,00	 0000000000000,00	 0000000000000,00
213000102	 0000000000000,00	 0000000000000,00	 0000000000000,00	 0000000000000,00
213000103	 0000000000000,00	 0000000000000,00	 0000000000000,00	 0000000000000,00
213000109	 0001170678541,00	 0000000000000,00	 0000000000000,00	 0000798627855,00
218000000	 0000000000000,00	 0000000000000,00	 0000000000000,00	 0000000000000,00
218000001	 0000000000000,00	 0000000000000,00	 0000000000000,00	 0000000000000,00
218000002	 0000000000000,00	 0000000000000,00	 0000000000000,00	 0000000000000,00
218000003	 0000000000000,00	 0000000000000,00	 0000000000000,00	 0000000000000,00
218000009	 0000000000000,00	 0000000000000,00	 0000000000000,00	 0000000000000,00
230000000	 6479393378971,00	 1444602045544,00	 0000000000000,00	 0442005754477,00
230000100	 6479393378971,00	 1444602045544,00	 0000000000000,00	 0442005754477,00
230000101	 0022036365048,00	 0042851370279,00	 0000000000000,00	 0011592076302,00
230000102	 6457357013923,00	 1401750675265,00	 0000000000000,00	 0430413678175,00
230000103	 0000000000000,00	 0000000000000,00	 0000000000000,00	 0000000000000,00
230000104	 0000000000000,00	 0000000000000,00	 0000000000000,00	 0000000000000,00
230000105	 0000000000000,00	 0000000000000,00	 0000000000000,00	 0000000000000,00
230000190	 0000000000000,00	 0000000000000,00	 0000000000000,00	 0000000000000,00
240000000	 161242385049111,00	 59320767839481,00	 0107194000188,00	 78153851894770,00
241000000	 56211249366458,00	 0863323014640,00	 0000042995001,00	 24604160615708,00
241000100	 40523377874963,00	 0000000000000,00	 0000000000000,00	 21055357531137,00
241000101	 0023331238740,00	 0000000000000,00	 0000000000000,00	 0023930505992,00
241000102	 0043531395102,00	 0000000000000,00	 0000000000000,00	 0106484198690,00
241000103	 27267785938893,00	 0000000000000,00	 0000000000000,00	 18738774827483,00
241000104	 13188729302228,00	 0000000000000,00	 0000000000000,00	 2186167998972,00
241000200	 7778822257170,00	 0000000000000,00	 0000000000000,00	 0984375851577,00
241000201	 0433672283229,00	 0000000000000,00	 0000000000000,00	 0000000000000,00
241000202	 7345149973941,00	 0000000000000,00	 0000000000000,00	 0984375851577,00
241000300	 1462295298907,00	 0000000000000,00	 0000000000000,00	 0004036813084,00
241000301	 1462295298907,00	 0000000000000,00	 0000000000000,00	 0004036813084,00
241000400	 0027883238473,00	 0000000000000,00	 0000000000000,00	 0000000000000,00
241000401	 0027784447950,00	 0000000000000,00	 0000000000000,00	 0000000000000,00
241000402	 0000098790523,00	 0000000000000,00	 0000000000000,00	 0000000000000,00
241000500	 6418870696945,00	 0863323014640,00	 0000042995001,00	 2560390419910,00
241000501	 0001698263543,00	 0000000000000,00	 0000000000000,00	 0000000000000,00
241000502	 0001700127427,00	 0052054297632,00	 0000000000000,00	 0000004479742,00
241000503	 0000291192703,00	 0000000000000,00	 0000000000000,00	 0000000000000,00
241000504	 0592059522862,00	 0000020612914,00	 0000000000000,00	 0003589705477,00
241000505	 0263079232129,00	 0318506330242,00	 0000042995001,00	 0040519579981,00
241000506	 2559321297058,00	 0006290408863,00	 0000000000000,00	 0077897922530,00
241000507	 0003530053891,00	 0000049022599,00	 0000000000000,00	 0135469665449,00
241000508	 0014683649591,00	 0000000000000,00	 0000000000000,00	 0000621419436,00
241000509	 0336397989528,00	 0006049618151,00	 0000000000000,00	 0022922049488,00
241000510	 0185027951118,00	 0000000000000,00	 0000000000000,00	 0016549076787,00
241000511	 0206448445990,00	 0000349528999,00	 0000000000000,00	 0033837591129,00
241000512	 0000000000000,00	 0000000000000,00	 0000000000000,00	 0000000000000,00
241000513	 0000163876036,00	 0000000000000,00	 0000000000000,00	 0000000000000,00
241000590	 2254469095069,00	 0480003195240,00	 0000000000000,00	 2228978929891,00
242000000	 69512700202445,00	 15450898478042,00	 0000001191468,00	 25870784092748,00
242000100	 64928694786141,00	 8002955340876,00	 0000001191468,00	 25766609896554,00
242000200	 3569541306445,00	 7058972664346,00	 0000000000000,00	 0016032552898,00
242000201	 2596103217709,00	 6122081053715,00	 0000000000000,00	 0016032552898,00
242000202	 0973438088736,00	 0936891610631,00	 0000000000000,00	 0000000000000,00
242000300	 1014464109859,00	 0388970472820,00	 0000000000000,00	 0088141643296,00
242000301	 0010899047645,00	 0019922684743,00	 0000000000000,00	 0016972358840,00
242000302	 0000000000000,00	 0000000000000,00	 0000000000000,00	 0000000000000,00
242000390	 1003565062214,00	 0369047788077,00	 0000000000000,00	 0071169284456,00
243000000	 2505008411551,00	 0004588880750,00	 0000000000000,00	 1780380890183,00
243000100	 0088695676438,00	 0000000000000,00	 0000000000000,00	 0006119412648,00
243000101	 0088695676438,00	 0000000000000,00	 0000000000000,00	 0006119412648,00
243000102	 0000000000000,00	 0000000000000,00	 0000000000000,00	 0000000000000,00
243000103	 0000000000000,00	 0000000000000,00	 0000000000000,00	 0000000000000,00
243000200	 0000000000000,00	 0000000000000,00	 0000000000000,00	 0750582105000,00
243000201	 0000000000000,00	 0000000000000,00	 0000000000000,00	 0468784571200,00
243000202	 0000000000000,00	 0000000000000,00	 0000000000000,00	 0281797533800,00
243000203	 0000000000000,00	 0000000000000,00	 0000000000000,00	 0000000000000,00
243000300	 2415865570412,00	 0004588880750,00	 0000000000000,00	 0605256998983,00
243000301	 2415865570412,00	 0004588880750,00	 0000000000000,00	 0605256998983,00
243000302	 0000000000000,00	 0000000000000,00	 0000000000000,00	 0000000000000,00
243000400	 0000447164701,00	 0000000000000,00	 0000000000000,00	 0418422373552,00
243000401	 0000447164701,00	 0000000000000,00	 0000000000000,00	 0418422373552,00
243000402	 0000000000000,00	 0000000000000,00	 0000000000000,00	 0000000000000,00
244000000	 29044962988355,00	 0000000000000,00	 0000440890621,00	 12198984425700,00
244250000	 0715006965569,00	 0000000000000,00	 0000000000000,00	 0028649789736,00
244250100	 0000000000000,00	 0000000000000,00	 0000000000000,00	 0012448661690,00
244250101	 0000000000000,00	 0000000000000,00	 0000000000000,00	 0000000000000,00
244250102	 0000000000000,00	 0000000000000,00	 0000000000000,00	 0012448661690,00
244250103	 0000000000000,00	 0000000000000,00	 0000000000000,00	 0000000000000,00
244250200	 0715006965569,00	 0000000000000,00	 0000000000000,00	 0016201128046,00
244250201	 0015234393335,00	 0000000000000,00	 0000000000000,00	 0000000000000,00
244250202	 0405771823403,00	 0000000000000,00	 0000000000000,00	 0016201128046,00
244250203	 0000094256230,00	 0000000000000,00	 0000000000000,00	 0000000000000,00
244250204	 0000000000000,00	 0000000000000,00	 0000000000000,00	 0000000000000,00
244250209	 0293906492601,00	 0000000000000,00	 0000000000000,00	 0000000000000,00
244500000	 0000000000000,00	 0000000000000,00	 0000440890621,00	 12170334635964,00
244500100	 0000000000000,00	 0000000000000,00	 0000440890621,00	 6498029542358,00
244500101	 0000000000000,00	 0000000000000,00	 0000440890621,00	 5011139989248,00
244500102	 0000000000000,00	 0000000000000,00	 0000000000000,00	 1248658287332,00
244500103	 0000000000000,00	 0000000000000,00	 0000000000000,00	 0238231265778,00
244500200	 0000000000000,00	 0000000000000,00	 0000000000000,00	 5672305093606,00
244500201	 0000000000000,00	 0000000000000,00	 0000000000000,00	 1413403394157,00
244500202	 0000000000000,00	 0000000000000,00	 0000000000000,00	 3129400085284,00
244500203	 0000000000000,00	 0000000000000,00	 0000000000000,00	 0236565360201,00
244500204	 0000000000000,00	 0000000000000,00	 0000000000000,00	 0010406020230,00
244500209	 0000000000000,00	 0000000000000,00	 0000000000000,00	 0882530233734,00
244700000	 28329956022786,00	 0000000000000,00	 0000000000000,00	 0000000000000,00
244700100	 28329956022786,00	 0000000000000,00	 0000000000000,00	 0000000000000,00
244700200	 0000000000000,00	 0000000000000,00	 0000000000000,00	 0000000000000,00
244900000	 0000000000000,00	 0000000000000,00	 0000000000000,00	 0000000000000,00
244900100	 0000000000000,00	 0000000000000,00	 0000000000000,00	 0000000000000,00
244900200	 0000000000000,00	 0000000000000,00	 0000000000000,00	 0000000000000,00
245000000	 2770632683033,00	 42837400579408,00	 0000000000000,00	 11712871377918,00
245000100	 0000012435670,00	 0541849792303,00	 0000000000000,00	 0000000000000,00
245000101	 0000004481873,00	 0395221617326,00	 0000000000000,00	 0000000000000,00
245000102	 0000007953797,00	 0146628174977,00	 0000000000000,00	 0000000000000,00
245000200	 2770620247363,00	 42295550787105,00	 0000000000000,00	 11712871377918,00
245000201	 2770620247363,00	 42217989185653,00	 0000000000000,00	 11712871377918,00
245000203	 0000000000000,00	 0077561601452,00	 0000000000000,00	 0000000000000,00
246000000	 1197831397269,00	 0164556886641,00	 0106708923098,00	 1986670492513,00
246000100	 0000000000000,00	 0005804205653,00	 0106708923098,00	 0001006850000,00
246000101	 0000000000000,00	 0005804205653,00	 0106708923098,00	 0001006850000,00
246000102	 0000000000000,00	 0000000000000,00	 0000000000000,00	 0000000000000,00
246000200	 1194405403359,00	 0158752680988,00	 0000000000000,00	 0126307215280,00
246000201	 0172665367747,00	 0000000000000,00	 0000000000000,00	 0007574524409,00
246000202	 0000000000000,00	 0000000000000,00	 0000000000000,00	 0000000000000,00
246000203	 0000000000000,00	 0000000000000,00	 0000000000000,00	 0000000000000,00
246000204	 0771437835345,00	 0000000000000,00	 0000000000000,00	 0003593478928,00
246000205	 0000000157961,00	 0000000000000,00	 0000000000000,00	 0000000000000,00
246000206	 0000000000000,00	 0000000000000,00	 0000000000000,00	 0000000000000,00
246000207	 0000065491871,00	 0000000000000,00	 0000000000000,00	 0000000000000,00
246000208	 0000000000000,00	 0000000000000,00	 0000000000000,00	 0115139211943,00
246000290	 0250236550435,00	 0158752680988,00	 0000000000000,00	 0000000000000,00
246000300	 0003425993910,00	 0000000000000,00	 0000000000000,00	 1859356427233,00
246000301	 0000000000000,00	 0000000000000,00	 0000000000000,00	 0000000000000,00
246000302	 0003425993910,00	 0000000000000,00	 0000000000000,00	 0001859711612,00
246000303	 0000000000000,00	 0000000000000,00	 0000000000000,00	 0000000000000,00
246000304	 0000000000000,00	 0000000000000,00	 0000000000000,00	 0028678717627,00
246000305	 0000000000000,00	 0000000000000,00	 0000000000000,00	 1543859166986,00
246000390	 0000000000000,00	 0000000000000,00	 0000000000000,00	 0284958831008,00
250000000	 0175845634252,00	 0598997773676,00	 0000188759796,00	 0067139572457,00
255000000	 0000207106256,00	 8760614008802,00	 0000000000000,00	 0883422229715,00
255000100	 0000207106256,00	 8760614008802,00	 0000000000000,00	 0323685967752,00
255000101	 0000000000000,00	 0000000000000,00	 0000000000000,00	 0000000000000,00
255000102	 0000207106256,00	 8760614008802,00	 0000000000000,00	 0323685967752,00
255000200	 0000000000000,00	 0000000000000,00	 0000000000000,00	 0559736261963,00
255000300	 0000000000000,00	 0000000000000,00	 0000000000000,00	 0000000000000,00
260000000	 0766115874356,00	 0000000000000,00	 0000000000000,00	 0093197169121,00
260000100	 0518103673067,00	 0000000000000,00	 0000000000000,00	 0086225057592,00
260000101	 0372024068797,00	 0000000000000,00	 0000000000000,00	 0014902444189,00
260000102	 0000192401709,00	 0000000000000,00	 0000000000000,00	 0000000000000,00
260000103	 0105780466880,00	 0000000000000,00	 0000000000000,00	 0010361664449,00
260000104	 0020365339998,00	 0000000000000,00	 0000000000000,00	 0007927515342,00
260000105	 0005028957755,00	 0000000000000,00	 0000000000000,00	 0004604331043,00
260000106	 0000000000000,00	 0000000000000,00	 0000000000000,00	 0000000000000,00
260000107	 0000000000000,00	 0000000000000,00	 0000000000000,00	 0019484189541,00
260000109	 0014712437928,00	 0000000000000,00	 0000000000000,00	 0028944913028,00
260000200	 0000000000000,00	 0000000000000,00	 0000000000000,00	 0000000000000,00
260000300	 0007274528580,00	 0000000000000,00	 0000000000000,00	 0000000000000,00
260000400	 0031269097294,00	 0000000000000,00	 0000000000000,00	 0001506325042,00
260000500	 0068723200874,00	 0000000000000,00	 0000000000000,00	 0001771580229,00
260000600	 0020178659301,00	 0000000000000,00	 0000000000000,00	 0000064482203,00
260000900	 0120566715240,00	 0000000000000,00	 0000000000000,00	 0003629724055,00
265000000	 1052174475615,00	 0000000000000,00	 0000000000000,00	 0000289630345,00
265000100	 1052174475615,00	 0000000000000,00	 0000000000000,00	 0000000000000,00
265000101	 1052174475615,00	 0000000000000,00	 0000000000000,00	 0000000000000,00
265000102	 0000000000000,00	 0000000000000,00	 0000000000000,00	 0000000000000,00
265000200	 0000000000000,00	 0000000000000,00	 0000000000000,00	 0000289630345,00
265000300	 0000000000000,00	 0000000000000,00	 0000000000000,00	 0000000000000,00
270000000	 3082634595050,00	 0000161409285,00	 0001107633428,00	 0114901041487,00
271000000	 0246739394330,00	 0000161409285,00	 0001107633428,00	 0086913741643,00
271000100	 0002783143816,00	 0000000000000,00	 0000000000000,00	 0028049447718,00
271000200	 0000826196887,00	 0000000000000,00	 0000000000000,00	 0002327937624,00
271000400	 0140572952848,00	 0000000000000,00	 0001105087554,00	 0010720152075,00
271000500	 0036765456892,00	 0000000000000,00	 0000000000000,00	 0013391311217,00
271000501	 0012575520399,00	 0000000000000,00	 0000000000000,00	 0010677696671,00
271000502	 0001594193871,00	 0000000000000,00	 0000000000000,00	 0002597511798,00
271000503	 0005629631413,00	 0000000000000,00	 0000000000000,00	 0000116102748,00
271000504	 0016966111209,00	 0000000000000,00	 0000000000000,00	 0000000000000,00
271000505	 0000000000000,00	 0000000000000,00	 0000000000000,00	 0000000000000,00
271000600	 0024457053668,00	 0000161409285,00	 0000000805716,00	 0004931230411,00
271000601	 0007314872176,00	 0000000000000,00	 0000000000000,00	 0000000000000,00
271000602	 0017142181492,00	 0000161409285,00	 0000000805716,00	 0004931230411,00
271000700	 0041248717947,00	 0000000000000,00	 0000001740158,00	 0027438495381,00
271000701	 0006586689897,00	 0000000000000,00	 0000001740158,00	 0000333965775,00
271000702	 0002067141490,00	 0000000000000,00	 0000000000000,00	 0002800514767,00
271000703	 0004634730303,00	 0000000000000,00	 0000000000000,00	 0000157258084,00
271000704	 0027960156257,00	 0000000000000,00	 0000000000000,00	 0024146756755,00
271000705	 0000000000000,00	 0000000000000,00	 0000000000000,00	 0000000000000,00
271000800	 0000000000000,00	 0000000000000,00	 0000000000000,00	 0000055167217,00
271000900	 0000085872272,00	 0000000000000,00	 0000000000000,00	 0000000000000,00
272000000	 0025314617045,00	 0000000000000,00	 0000000000000,00	 0008917906644,00
273000000	 0000000000000,00	 0000000000000,00	 0000000000000,00	 0000000000000,00
274000000	 2797752859391,00	 0000000000000,00	 0000000000000,00	 0019069393200,00
274000100	 1660882430950,00	 0000000000000,00	 0000000000000,00	 0009146280000,00
274000200	 0395291466161,00	 0000000000000,00	 0000000000000,00	 0000000000000,00
274000300	 0741578962280,00	 0000000000000,00	 0000000000000,00	 0009923113200,00
275000000	 0009530724284,00	 0000000000000,00	 0000000000000,00	 0000000000000,00
275000100	 0000087189929,00	 0000000000000,00	 0000000000000,00	 0000000000000,00
275000200	 0009442699355,00	 0000000000000,00	 0000000000000,00	 0000000000000,00
275000300	 0000000835000,00	 0000000000000,00	 0000000000000,00	 0000000000000,00
275000400	 0000000000000,00	 0000000000000,00	 0000000000000,00	 0000000000000,00
275000500	 0000000000000,00	 0000000000000,00	 0000000000000,00	 0000000000000,00
275000600	 0000000000000,00	 0000000000000,00	 0000000000000,00	 0000000000000,00
279000000	 0003297000000,00	 0000000000000,00	 0000000000000,00	 0000000000000,00
279000100	 0000000000000,00	 0000000000000,00	 0000000000000,00	 0000000000000,00
279000200	 0000000000000,00	 0000000000000,00	 0000000000000,00	 0000000000000,00
279000300	 0003297000000,00	 0000000000000,00	 0000000000000,00	 0000000000000,00
280000000	 0211406859144,00	 0000000000000,00	 0000000000000,00	 0001895165978,00
285000000	 0009917626760,00	 0000000000000,00	 0000000000000,00	 0000000000000,00
290000000	 3617329732862,00	 0600240060303,00	 0006795220171,00	 3773707947835,00
290000100	 0269187585557,00	 0000000000000,00	 0000000000000,00	 3285443837126,00
290000101	 0128230592924,00	 0000000000000,00	 0000000000000,00	 0031586791486,00
290000102	 0000000000000,00	 0000000000000,00	 0000000000000,00	 0250119139225,00
290000103	 0140956446631,00	 0000000000000,00	 0000000000000,00	 1076705494790,00
290000104	 0000000546002,00	 0000000000000,00	 0000000000000,00	 1927032411625,00
290000200	 0731603870781,00	 0000000000000,00	 0000000000000,00	 0003793433835,00
290000201	 0484236742691,00	 0000000000000,00	 0000000000000,00	 0003735341316,00
290000202	 0241958236374,00	 0000000000000,00	 0000000000000,00	 0000000000000,00
290000203	 0005408891716,00	 0000000000000,00	 0000000000000,00	 0000058092519,00
290000300	 1370336166562,00	 0351551560617,00	 0003217922227,00	 0422782220938,00
290000301	 0033866663616,00	 0000000000000,00	 0000000000000,00	 0000243658146,00
290000302	 0042224519832,00	 0000000000000,00	 0000000000000,00	 0000069862845,00
290000303	 0002706972276,00	 0000000000000,00	 0000000000000,00	 0000000000000,00
290000304	 0000069434579,00	 0000000000000,00	 0000000000000,00	 0000000000000,00
290000305	 0038681721043,00	 0000000000000,00	 0000000000000,00	 0005086549824,00
290000306	 0013121603649,00	 0000000000000,00	 0000000000000,00	 0000000000000,00
290000307	 0081347749504,00	 0024172917801,00	 0002733424303,00	 0000488540335,00
290000308	 0409726783173,00	 0028614592735,00	 0000000000000,00	 0089819161927,00
290000309	 0020766644898,00	 0023917949697,00	 0000092617751,00	 0002960043784,00
290000390	 0727824073992,00	 0274846100384,00	 0000391880173,00	 0324114404077,00
290000400	 0000039193305,00	 0000000000000,00	 0000000000000,00	 0000000000000,00
290000500	 0151741525077,00	 0000035388077,00	 0000000000000,00	 0000138495016,00
290000501	 0151741525077,00	 0000035388077,00	 0000000000000,00	 0000138495016,00
290000502	 0000000000000,00	 0000000000000,00	 0000000000000,00	 0000000000000,00
290000700	 0179824280790,00	 0000000000000,00	 0000000000000,00	 0000000000000,00
290000800	 0500419802704,00	 0000000000000,00	 0003519167464,00	 0018292094059,00
290000801	 0049031333709,00	 0000000000000,00	 0003519167464,00	 0000000000000,00
290000802	 0021499674771,00	 0000000000000,00	 0000000000000,00	 0000056244726,00
290000803	 0008205046920,00	 0000000000000,00	 0000000000000,00	 0000000000000,00
290000809	 0421683747304,00	 0000000000000,00	 0000000000000,00	 0018235849333,00
290000900	 0081256113453,00	 0000000000000,00	 0000000000000,00	 0001239903147,00
290001000	 0000287702781,00	 0000402411393,00	 0000000000000,00	 0000001308615,00
290001100	 0078349411383,00	 0000002833255,00	 0000000044861,00	 0011610373181,00
290001200	 0254284080469,00	 0248247866961,00	 0000058085619,00	 0030406281918,00
295000000	 0000000000000,00	 0000000000000,00	 0000000000000,00	 0000000000000,00
300000000	 27012052386713,00	 1479948756309,00	 0098712478367,00	-0083362647012,00
310000000	 15122622322843,00	 0000000000000,00	 0000000000000,00	 0000000000000,00
311000000	 14997210907930,00	 0000000000000,00	 0000000000000,00	 0000000000000,00
311000100	 14071551528258,00	 0000000000000,00	 0000000000000,00	 0000000000000,00
311000200	 0913889577566,00	 0000000000000,00	 0000000000000,00	 0000000000000,00
311000300	 0000000000000,00	 0000000000000,00	 0000000000000,00	 0000000000000,00
311000400	 0000000000000,00	 0000000000000,00	 0000000000000,00	 0000000000000,00
311000500	 0000000000000,00	 0000000000000,00	 0000000000000,00	 0000000000000,00
311000600	 0011769802106,00	 0000000000000,00	 0000000000000,00	 0000000000000,00
312000000	 0125411414913,00	 0000000000000,00	 0000000000000,00	 0000000000000,00
313000000	 0000000000000,00	 0000000000000,00	 0000000000000,00	 0000000000000,00
320000000	 6824425357943,00	 0000000000000,00	 0000000000000,00	 0000000000000,00
320000100	 0325896358190,00	 0000000000000,00	 0000000000000,00	 0000000000000,00
320000200	 6498528999753,00	 0000000000000,00	 0000000000000,00	 0000000000000,00
320000300	 0000000000000,00	 0000000000000,00	 0000000000000,00	 0000000000000,00
320000400	 0000000000000,00	 0000000000000,00	 0000000000000,00	 0000000000000,00
330000000	-0559273789617,00	-0010029360934,00	 0000000000000,00	 0019600062544,00
331000000	 0000111462074,00	 0000000000000,00	 0000000000000,00	 0000444062010,00
331000100	-0008659152653,00	 0000000000000,00	 0000000000000,00	-0001876435473,00
331000200	 0008767154407,00	 0000000000000,00	 0000000000000,00	 0002320497483,00
331000201	 0008767154407,00	 0000000000000,00	 0000000000000,00	 0002320497483,00
331000202	 0000000000000,00	 0000000000000,00	 0000000000000,00	 0000000000000,00
331000203	 0000000000000,00	 0000000000000,00	 0000000000000,00	 0000000000000,00
331000209	 0000000000000,00	 0000000000000,00	 0000000000000,00	 0000000000000,00
331000300	 0000000000000,00	 0000000000000,00	 0000000000000,00	 0000000000000,00
331000400	 0000000000000,00	 0000000000000,00	 0000000000000,00	 0000000000000,00
331000500	 0000000000000,00	 0000000000000,00	 0000000000000,00	 0000000000000,00
331000900	 0000003460320,00	 0000000000000,00	 0000000000000,00	 0000000000000,00
332000000	-0559385251691,00	-0010029360934,00	 0000000000000,00	 0019156000534,00
332000100	-0662938040080,00	-0011290649084,00	 0000000000000,00	 0006229564061,00
332000200	 0161363668052,00	 0000000000000,00	 0000000000000,00	 0028332864573,00
332000300	-0008204489423,00	 0000000000000,00	 0000000000000,00	-0015413132939,00
332000400	-0047192345258,00	 0001261288150,00	 0000000000000,00	 0000006194567,00
332000500	 0000000000000,00	 0000000000000,00	 0000000000000,00	 0000000000000,00
332000600	-0002070345528,00	 0000000000000,00	 0000000000000,00	 0000000000000,00
332000700	 0000000000000,00	 0000000000000,00	 0000000000000,00	 0000000000000,00
332000900	-0000343699454,00	 0000000000000,00	 0000000000000,00	 0000000510272,00
340000000	 6228898415186,00	 0000000000000,00	 0000000000000,00	-0003234404556,00
340000100	 5335052621748,00	 0000000000000,00	 0000000000000,00	-0003234404556,00
340000200	 0893845793438,00	 0000000000000,00	 0000000000000,00	 0000000000000,00
350000000	 0039209780460,00	 1489978117243,00	 0098712478367,00	-0101518084353,00
360000000	-1054711513882,00	 0000000000000,00	 0000000000000,00	-0000289630345,00
360000100	-1054711513882,00	 0000000000000,00	 0000000000000,00	 0000000000000,00
360000101	-1054711513882,00	 0000000000000,00	 0000000000000,00	 0000000000000,00
360000102	 0000000000000,00	 0000000000000,00	 0000000000000,00	 0000000000000,00
360000200	 0000000000000,00	 0000000000000,00	 0000000000000,00	-0000289630345,00
360000300	 0000000000000,00	 0000000000000,00	 0000000000000,00	 0000000000000,00
365000000	 0000000000000,00	 0000000000000,00	 0000000000000,00	 0000000000000,00
380000000	 26601170572933,00	 1479948756309,00	 0098712478367,00	-0085442056710,00
390000000	 0410881813780,00	 0000000000000,00	 0000000000000,00	 0002079409698,00
500000000	 83099086614258,00	 118305111350722,00	 0629618781493,00	 45707056794127,00
505000000	 83016163501537,00	 118289984479134,00	 0629618781493,00	 45484704337567,00
510000000	 237402141457519,00	 72509580914297,00	 0213998091950,00	 87435445255320,00
