049	BANCO SECURITY
100000000	 5196810975343,00	 4158820602404,00	 0006902268233,00	 1219629595733,00
105000000	 0176723462765,00	 0000000000000,00	 0000000000000,00	 0324793907605,00
105000100	 0007078590509,00	 0000000000000,00	 0000000000000,00	 0006696933079,00
105000101	 0005956244191,00	 0000000000000,00	 0000000000000,00	 0006625253632,00
105000102	 0000209000000,00	 0000000000000,00	 0000000000000,00	 0000071679447,00
105000103	 0000913346318,00	 0000000000000,00	 0000000000000,00	 0000000000000,00
105000200	 0155934003268,00	 0000000000000,00	 0000000000000,00	 0136414300648,00
105000201	 0155934003268,00	 0000000000000,00	 0000000000000,00	 0027587693327,00
105000202	 0000000000000,00	 0000000000000,00	 0000000000000,00	 0108826607321,00
105000209	 0000000000000,00	 0000000000000,00	 0000000000000,00	 0000000000000,00
105000300	 0000000000000,00	 0000000000000,00	 0000000000000,00	 0000000000000,00
105000301	 0000000000000,00	 0000000000000,00	 0000000000000,00	 0000000000000,00
105000302	 0000000000000,00	 0000000000000,00	 0000000000000,00	 0000000000000,00
105000309	 0000000000000,00	 0000000000000,00	 0000000000000,00	 0000000000000,00
105000400	 0013661093705,00	 0000000000000,00	 0000000000000,00	 0000000129938,00
105000500	 0000049775283,00	 0000000000000,00	 0000000000000,00	 0181682543940,00
107000000	 0165571634261,00	 0000000000000,00	 0000000000000,00	 0051823945255,00
107000100	 0008904465274,00	 0000000000000,00	 0000000000000,00	 0000746334435,00
107000101	 0000000000000,00	 0000000000000,00	 0000000000000,00	 0000000000000,00
107000102	 0000000000000,00	 0000000000000,00	 0000000000000,00	 0000000000000,00
107000103	 0008904465274,00	 0000000000000,00	 0000000000000,00	 0000746334435,00
107000200	 0000000000000,00	 0000000000000,00	 0000000000000,00	 0000000000000,00
107000201	 0000000000000,00	 0000000000000,00	 0000000000000,00	 0000000000000,00
107000202	 0000000000000,00	 0000000000000,00	 0000000000000,00	 0000000000000,00
107000300	 0000000000000,00	 0000000000000,00	 0000000000000,00	 0000000000000,00
107000400	 0156667168987,00	 0000000000000,00	 0000000000000,00	 0051077610820,00
107000401	 0055668901666,00	 0000000000000,00	 0000000000000,00	 0000000000000,00
107000409	 0000000000000,00	 0000000000000,00	 0000000000000,00	 0037716166214,00
107000411	 0100998267321,00	 0000000000000,00	 0000000000000,00	 0000536848783,00
107000419	 0000000000000,00	 0000000000000,00	 0000000000000,00	 0012824595823,00
110000000	 0233594989123,00	 0000070545095,00	 0000000000000,00	 0000136782135,00
111000100	 0182063081015,00	 0000000000000,00	 0000000000000,00	 0000026143530,00
111000101	 0073391295876,00	 0000000000000,00	 0000000000000,00	 0000026143530,00
111000102	 0108671785139,00	 0000000000000,00	 0000000000000,00	 0000000000000,00
111000103	 0000000000000,00	 0000000000000,00	 0000000000000,00	 0000000000000,00
111000104	 0000000000000,00	 0000000000000,00	 0000000000000,00	 0000000000000,00
111000105	 0000000000000,00	 0000000000000,00	 0000000000000,00	 0000000000000,00
111000109	 0000000000000,00	 0000000000000,00	 0000000000000,00	 0000000000000,00
112000000	 0047537791250,00	 0000070545095,00	 0000000000000,00	 0000000000000,00
112000100	 0002447607112,00	 0000000000002,00	 0000000000000,00	 0000000000000,00
112000101	 0002447607112,00	 0000000000002,00	 0000000000000,00	 0000000000000,00
112000102	 0000000000000,00	 0000000000000,00	 0000000000000,00	 0000000000000,00
112000109	 0000000000000,00	 0000000000000,00	 0000000000000,00	 0000000000000,00
112000200	 0045090184138,00	 0000070545093,00	 0000000000000,00	 0000000000000,00
112000201	 0031928409352,00	 0000070545093,00	 0000000000000,00	 0000000000000,00
112000202	 0008688381570,00	 0000000000000,00	 0000000000000,00	 0000000000000,00
112000209	 0004473393216,00	 0000000000000,00	 0000000000000,00	 0000000000000,00
112000300	 0000000000000,00	 0000000000000,00	 0000000000000,00	 0000000000000,00
112000301	 0000000000000,00	 0000000000000,00	 0000000000000,00	 0000000000000,00
112000302	 0000000000000,00	 0000000000000,00	 0000000000000,00	 0000000000000,00
112000303	 0000000000000,00	 0000000000000,00	 0000000000000,00	 0000000000000,00
112000304	 0000000000000,00	 0000000000000,00	 0000000000000,00	 0000000000000,00
112000309	 0000000000000,00	 0000000000000,00	 0000000000000,00	 0000000000000,00
113000000	 0003994116858,00	 0000000000000,00	 0000000000000,00	 0000110638605,00
113000100	 0003994116858,00	 0000000000000,00	 0000000000000,00	 0000110638605,00
113000101	 0003994116858,00	 0000000000000,00	 0000000000000,00	 0000110638605,00
113000102	 0000000000000,00	 0000000000000,00	 0000000000000,00	 0000000000000,00
113000200	 0000000000000,00	 0000000000000,00	 0000000000000,00	 0000000000000,00
113000201	 0000000000000,00	 0000000000000,00	 0000000000000,00	 0000000000000,00
113000202	 0000000000000,00	 0000000000000,00	 0000000000000,00	 0000000000000,00
113000300	 0000000000000,00	 0000000000000,00	 0000000000000,00	 0000000000000,00
113000301	 0000000000000,00	 0000000000000,00	 0000000000000,00	 0000000000000,00
113000302	 0000000000000,00	 0000000000000,00	 0000000000000,00	 0000000000000,00
113000303	 0000000000000,00	 0000000000000,00	 0000000000000,00	 0000000000000,00
113000304	 0000000000000,00	 0000000000000,00	 0000000000000,00	 0000000000000,00
113000400	 0000000000000,00	 0000000000000,00	 0000000000000,00	 0000000000000,00
115000000	 0000000000000,00	 0000000000000,00	 0000000000000,00	 0000000000000,00
115250000	 0000000000000,00	 0000000000000,00	 0000000000000,00	 0000000000000,00
115250100	 0000000000000,00	 0000000000000,00	 0000000000000,00	 0000000000000,00
115250101	 0000000000000,00	 0000000000000,00	 0000000000000,00	 0000000000000,00
115250102	 0000000000000,00	 0000000000000,00	 0000000000000,00	 0000000000000,00
115250109	 0000000000000,00	 0000000000000,00	 0000000000000,00	 0000000000000,00
115250200	 0000000000000,00	 0000000000000,00	 0000000000000,00	 0000000000000,00
115250201	 0000000000000,00	 0000000000000,00	 0000000000000,00	 0000000000000,00
115250202	 0000000000000,00	 0000000000000,00	 0000000000000,00	 0000000000000,00
115250209	 0000000000000,00	 0000000000000,00	 0000000000000,00	 0000000000000,00
115250300	 0000000000000,00	 0000000000000,00	 0000000000000,00	 0000000000000,00
115250301	 0000000000000,00	 0000000000000,00	 0000000000000,00	 0000000000000,00
115250302	 0000000000000,00	 0000000000000,00	 0000000000000,00	 0000000000000,00
115250303	 0000000000000,00	 0000000000000,00	 0000000000000,00	 0000000000000,00
115250304	 0000000000000,00	 0000000000000,00	 0000000000000,00	 0000000000000,00
115250309	 0000000000000,00	 0000000000000,00	 0000000000000,00	 0000000000000,00
115500000	 0000000000000,00	 0000000000000,00	 0000000000000,00	 0000000000000,00
115500100	 0000000000000,00	 0000000000000,00	 0000000000000,00	 0000000000000,00
115500101	 0000000000000,00	 0000000000000,00	 0000000000000,00	 0000000000000,00
115500102	 0000000000000,00	 0000000000000,00	 0000000000000,00	 0000000000000,00
115500300	 0000000000000,00	 0000000000000,00	 0000000000000,00	 0000000000000,00
115500301	 0000000000000,00	 0000000000000,00	 0000000000000,00	 0000000000000,00
115500302	 0000000000000,00	 0000000000000,00	 0000000000000,00	 0000000000000,00
115500303	 0000000000000,00	 0000000000000,00	 0000000000000,00	 0000000000000,00
115500304	 0000000000000,00	 0000000000000,00	 0000000000000,00	 0000000000000,00
115500400	 0000000000000,00	 0000000000000,00	 0000000000000,00	 0000000000000,00
118000000	 0000000000000,00	 0000000000000,00	 0000000000000,00	 0000000000000,00
118250000	 0000000000000,00	 0000000000000,00	 0000000000000,00	 0000000000000,00
118250100	 0000000000000,00	 0000000000000,00	 0000000000000,00	 0000000000000,00
118250101	 0000000000000,00	 0000000000000,00	 0000000000000,00	 0000000000000,00
118250102	 0000000000000,00	 0000000000000,00	 0000000000000,00	 0000000000000,00
118250109	 0000000000000,00	 0000000000000,00	 0000000000000,00	 0000000000000,00
118250200	 0000000000000,00	 0000000000000,00	 0000000000000,00	 0000000000000,00
118250201	 0000000000000,00	 0000000000000,00	 0000000000000,00	 0000000000000,00
118250202	 0000000000000,00	 0000000000000,00	 0000000000000,00	 0000000000000,00
118250209	 0000000000000,00	 0000000000000,00	 0000000000000,00	 0000000000000,00
118250300	 0000000000000,00	 0000000000000,00	 0000000000000,00	 0000000000000,00
118250301	 0000000000000,00	 0000000000000,00	 0000000000000,00	 0000000000000,00
118250302	 0000000000000,00	 0000000000000,00	 0000000000000,00	 0000000000000,00
118250303	 0000000000000,00	 0000000000000,00	 0000000000000,00	 0000000000000,00
118250304	 0000000000000,00	 0000000000000,00	 0000000000000,00	 0000000000000,00
118250309	 0000000000000,00	 0000000000000,00	 0000000000000,00	 0000000000000,00
118500000	 0000000000000,00	 0000000000000,00	 0000000000000,00	 0000000000000,00
118500300	 0000000000000,00	 0000000000000,00	 0000000000000,00	 0000000000000,00
118500301	 0000000000000,00	 0000000000000,00	 0000000000000,00	 0000000000000,00
118500302	 0000000000000,00	 0000000000000,00	 0000000000000,00	 0000000000000,00
118500303	 0000000000000,00	 0000000000000,00	 0000000000000,00	 0000000000000,00
118500304	 0000000000000,00	 0000000000000,00	 0000000000000,00	 0000000000000,00
118500400	 0000000000000,00	 0000000000000,00	 0000000000000,00	 0000000000000,00
120000000	 1737582048414,00	 0150865011400,00	 0000000000000,00	 0101519500672,00
122000000	 1733558813046,00	 0150865011400,00	 0000000000000,00	 0101519500672,00
122000100	 1537641017228,00	 0000000000000,00	 0000000000000,00	 0000000000000,00
122000101	 1497139033279,00	 0000000000000,00	 0000000000000,00	 0000000000000,00
122000102	 0040501983949,00	 0000000000000,00	 0000000000000,00	 0000000000000,00
122000109	 0000000000000,00	 0000000000000,00	 0000000000000,00	 0000000000000,00
122000200	 0195917795818,00	 0150865011400,00	 0000000000000,00	 0000000000000,00
122000201	 0139585692851,00	 0042234042103,00	 0000000000000,00	 0000000000000,00
122000202	 0056332102967,00	 0108630969297,00	 0000000000000,00	 0000000000000,00
122000209	 0000000000000,00	 0000000000000,00	 0000000000000,00	 0000000000000,00
122000300	 0000000000000,00	 0000000000000,00	 0000000000000,00	 0101519500672,00
122000301	 0000000000000,00	 0000000000000,00	 0000000000000,00	 0000000000000,00
122000302	 0000000000000,00	 0000000000000,00	 0000000000000,00	 0000000000000,00
122000303	 0000000000000,00	 0000000000000,00	 0000000000000,00	 0083288549079,00
122000304	 0000000000000,00	 0000000000000,00	 0000000000000,00	 0000000000000,00
122000309	 0000000000000,00	 0000000000000,00	 0000000000000,00	 0018230951593,00
123000000	 0004023235368,00	 0000000000000,00	 0000000000000,00	 0000000000000,00
123000300	 0000000000000,00	 0000000000000,00	 0000000000000,00	 0000000000000,00
123000301	 0000000000000,00	 0000000000000,00	 0000000000000,00	 0000000000000,00
123000302	 0000000000000,00	 0000000000000,00	 0000000000000,00	 0000000000000,00
123000303	 0000000000000,00	 0000000000000,00	 0000000000000,00	 0000000000000,00
123000304	 0000000000000,00	 0000000000000,00	 0000000000000,00	 0000000000000,00
123000400	 0004023235368,00	 0000000000000,00	 0000000000000,00	 0000000000000,00
130000000	 0045607995091,00	 0000000000000,00	 0000000000000,00	 0000000000000,00
130000100	 0045607995091,00	 0000000000000,00	 0000000000000,00	 0000000000000,00
130000101	 0000000000000,00	 0000000000000,00	 0000000000000,00	 0000000000000,00
130000102	 0045607995091,00	 0000000000000,00	 0000000000000,00	 0000000000000,00
130000103	 0000000000000,00	 0000000000000,00	 0000000000000,00	 0000000000000,00
130000104	 0000000000000,00	 0000000000000,00	 0000000000000,00	 0000000000000,00
130000105	 0000000000000,00	 0000000000000,00	 0000000000000,00	 0000000000000,00
130000190	 0000000000000,00	 0000000000000,00	 0000000000000,00	 0000000000000,00
140000000	 2570597593053,00	 4002005827176,00	 0006902268233,00	 0725958937186,00
141000000	 0000000000000,00	 0000000000000,00	 0000000000000,00	 0000000000000,00
141000100	 0000000000000,00	 0000000000000,00	 0000000000000,00	 0000000000000,00
141000101	 0000000000000,00	 0000000000000,00	 0000000000000,00	 0000000000000,00
141000102	 0000000000000,00	 0000000000000,00	 0000000000000,00	 0000000000000,00
141000103	 0000000000000,00	 0000000000000,00	 0000000000000,00	 0000000000000,00
141000200	 0000000000000,00	 0000000000000,00	 0000000000000,00	 0000000000000,00
141000201	 0000000000000,00	 0000000000000,00	 0000000000000,00	 0000000000000,00
141000202	 0000000000000,00	 0000000000000,00	 0000000000000,00	 0000000000000,00
141000203	 0000000000000,00	 0000000000000,00	 0000000000000,00	 0000000000000,00
141000300	 0000000000000,00	 0000000000000,00	 0000000000000,00	 0000000000000,00
141000301	 0000000000000,00	 0000000000000,00	 0000000000000,00	 0000000000000,00
141000302	 0000000000000,00	 0000000000000,00	 0000000000000,00	 0000000000000,00
141000400	 0000000000000,00	 0000000000000,00	 0000000000000,00	 0000000000000,00
141000401	 0000000000000,00	 0000000000000,00	 0000000000000,00	 0000000000000,00
141000402	 0000000000000,00	 0000000000000,00	 0000000000000,00	 0000000000000,00
141000900	 0000000000000,00	 0000000000000,00	 0000000000000,00	 0000000000000,00
141000901	 0000000000000,00	 0000000000000,00	 0000000000000,00	 0000000000000,00
141000902	 0000000000000,00	 0000000000000,00	 0000000000000,00	 0000000000000,00
141000903	 0000000000000,00	 0000000000000,00	 0000000000000,00	 0000000000000,00
141500000	 0034452507237,00	 0000000000000,00	 0000000000000,00	 0008223263411,00
141500100	 0000000000000,00	 0000000000000,00	 0000000000000,00	 0000000000000,00
141500101	 0000000000000,00	 0000000000000,00	 0000000000000,00	 0000000000000,00
141500102	 0000000000000,00	 0000000000000,00	 0000000000000,00	 0000000000000,00
141500109	 0000000000000,00	 0000000000000,00	 0000000000000,00	 0000000000000,00
141500200	 0034480425235,00	 0000000000000,00	 0000000000000,00	 0000000000000,00
141500201	 0034480425235,00	 0000000000000,00	 0000000000000,00	 0000000000000,00
141500202	 0000000000000,00	 0000000000000,00	 0000000000000,00	 0000000000000,00
141500209	 0000000000000,00	 0000000000000,00	 0000000000000,00	 0000000000000,00
141500300	 0000000000000,00	 0000000000000,00	 0000000000000,00	 0008228576153,00
141500301	 0000000000000,00	 0000000000000,00	 0000000000000,00	 0000000000000,00
141500302	 0000000000000,00	 0000000000000,00	 0000000000000,00	 0000000000000,00
141500303	 0000000000000,00	 0000000000000,00	 0000000000000,00	 0000000000000,00
141500304	 0000000000000,00	 0000000000000,00	 0000000000000,00	 0000000000000,00
141500309	 0000000000000,00	 0000000000000,00	 0000000000000,00	 0008228576153,00
141500900	-0000027917998,00	 0000000000000,00	 0000000000000,00	-0000005312742,00
141500901	-0000027917998,00	 0000000000000,00	 0000000000000,00	-0000005312742,00
141500902	 0000000000000,00	 0000000000000,00	 0000000000000,00	 0000000000000,00
141500903	 0000000000000,00	 0000000000000,00	 0000000000000,00	 0000000000000,00
143000000	 0000000000000,00	 0000000000000,00	 0000000000000,00	 0000000000000,00
143100100	 0000000000000,00	 0000000000000,00	 0000000000000,00	 0000000000000,00
143100101	 0000000000000,00	 0000000000000,00	 0000000000000,00	 0000000000000,00
143100102	 0000000000000,00	 0000000000000,00	 0000000000000,00	 0000000000000,00
143100103	 0000000000000,00	 0000000000000,00	 0000000000000,00	 0000000000000,00
143100104	 0000000000000,00	 0000000000000,00	 0000000000000,00	 0000000000000,00
143100105	 0000000000000,00	 0000000000000,00	 0000000000000,00	 0000000000000,00
143100106	 0000000000000,00	 0000000000000,00	 0000000000000,00	 0000000000000,00
143100107	 0000000000000,00	 0000000000000,00	 0000000000000,00	 0000000000000,00
143100190	 0000000000000,00	 0000000000000,00	 0000000000000,00	 0000000000000,00
143150100	 0000000000000,00	 0000000000000,00	 0000000000000,00	 0000000000000,00
143150101	 0000000000000,00	 0000000000000,00	 0000000000000,00	 0000000000000,00
143150102	 0000000000000,00	 0000000000000,00	 0000000000000,00	 0000000000000,00
143150103	 0000000000000,00	 0000000000000,00	 0000000000000,00	 0000000000000,00
143200100	 0000000000000,00	 0000000000000,00	 0000000000000,00	 0000000000000,00
143200101	 0000000000000,00	 0000000000000,00	 0000000000000,00	 0000000000000,00
143200102	 0000000000000,00	 0000000000000,00	 0000000000000,00	 0000000000000,00
143200103	 0000000000000,00	 0000000000000,00	 0000000000000,00	 0000000000000,00
143200104	 0000000000000,00	 0000000000000,00	 0000000000000,00	 0000000000000,00
143200105	 0000000000000,00	 0000000000000,00	 0000000000000,00	 0000000000000,00
143200106	 0000000000000,00	 0000000000000,00	 0000000000000,00	 0000000000000,00
143200107	 0000000000000,00	 0000000000000,00	 0000000000000,00	 0000000000000,00
143200108	 0000000000000,00	 0000000000000,00	 0000000000000,00	 0000000000000,00
143200190	 0000000000000,00	 0000000000000,00	 0000000000000,00	 0000000000000,00
143250100	 0000000000000,00	 0000000000000,00	 0000000000000,00	 0000000000000,00
143250101	 0000000000000,00	 0000000000000,00	 0000000000000,00	 0000000000000,00
143250102	 0000000000000,00	 0000000000000,00	 0000000000000,00	 0000000000000,00
143250103	 0000000000000,00	 0000000000000,00	 0000000000000,00	 0000000000000,00
143300100	 0000000000000,00	 0000000000000,00	 0000000000000,00	 0000000000000,00
143300101	 0000000000000,00	 0000000000000,00	 0000000000000,00	 0000000000000,00
143300102	 0000000000000,00	 0000000000000,00	 0000000000000,00	 0000000000000,00
143300103	 0000000000000,00	 0000000000000,00	 0000000000000,00	 0000000000000,00
143400100	 0000000000000,00	 0000000000000,00	 0000000000000,00	 0000000000000,00
143400101	 0000000000000,00	 0000000000000,00	 0000000000000,00	 0000000000000,00
143400102	 0000000000000,00	 0000000000000,00	 0000000000000,00	 0000000000000,00
143400103	 0000000000000,00	 0000000000000,00	 0000000000000,00	 0000000000000,00
144000000	 2536145085816,00	 4002005827176,00	 0006902268233,00	 0717735673775,00
145000000	 2240940363548,00	 2943502835730,00	 0006902268233,00	 0741069182817,00
145400100	 2094371203486,00	 2548728953438,00	 0000000000000,00	 0502869827481,00
145400101	 2094262166431,00	 2509852507675,00	 0000000000000,00	 0494700034005,00
145400102	 0000000000000,00	 0000000000000,00	 0000000000000,00	 0008169793476,00
145400103	 0000000000000,00	 0000000000000,00	 0000000000000,00	 0000000000000,00
145400104	 0000000000000,00	 0000395167936,00	 0000000000000,00	 0000000000000,00
145400105	 0000109037055,00	 0038481277827,00	 0000000000000,00	 0000000000000,00
145400106	 0000000000000,00	 0000000000000,00	 0000000000000,00	 0000000000000,00
145400200	 0023290667225,00	 0000000000000,00	 0000000000000,00	 0237345893739,00
145400201	 0000000000000,00	 0000000000000,00	 0000000000000,00	 0000000000000,00
145400202	 0023045965754,00	 0000000000000,00	 0000000000000,00	 0129598131452,00
145400203	 0000000000000,00	 0000000000000,00	 0000000000000,00	 0001708880345,00
145400204	 0000244701471,00	 0000000000000,00	 0000000000000,00	 0106038881942,00
145400205	 0000000000000,00	 0000000000000,00	 0000000000000,00	 0000000000000,00
145400290	 0000000000000,00	 0000000000000,00	 0000000000000,00	 0000000000000,00
145400300	 0035404613105,00	 0000000000000,00	 0000000000000,00	 0000000000000,00
145400400	 0005169340325,00	 0000000000000,00	 0000000000000,00	 0000833490702,00
145400401	 0001898336806,00	 0000000000000,00	 0000000000000,00	 0000833490702,00
145400402	 0003271003519,00	 0000000000000,00	 0000000000000,00	 0000000000000,00
145400500	 0000000000000,00	 0000000000000,00	 0000000000000,00	 0000000000000,00
145400501	 0000000000000,00	 0000000000000,00	 0000000000000,00	 0000000000000,00
145400502	 0000000000000,00	 0000000000000,00	 0000000000000,00	 0000000000000,00
145400600	 0079944766594,00	 0392682134519,00	 0006885868399,00	 0000000000000,00
145400601	 0020923311205,00	 0336345096790,00	 0002665092909,00	 0000000000000,00
145400602	 0059021455389,00	 0056337037729,00	 0004220775490,00	 0000000000000,00
145400700	 0000001315537,00	 0001832312312,00	 0000000000000,00	 0000000000000,00
145400701	 0000000000000,00	 0000000000000,00	 0000000000000,00	 0000000000000,00
145400702	 0000000000000,00	 0000000000000,00	 0000000000000,00	 0000000000000,00
145400703	 0000001315537,00	 0001832312312,00	 0000000000000,00	 0000000000000,00
145400900	 0002758457276,00	 0000259435461,00	 0000016399834,00	 0000019970895,00
145400901	 0000000000000,00	 0000000000000,00	 0000000000000,00	 0000000000000,00
145400902	 0002521866956,00	 0000000000000,00	 0000000000000,00	 0000019970895,00
145400990	 0000236590320,00	 0000259435461,00	 0000016399834,00	 0000000000000,00
146000000	 0002106608412,00	 1050709770009,00	 0000000000000,00	 0000000000000,00
146000100	 0000000000000,00	 0000425872684,00	 0000000000000,00	 0000000000000,00
146000200	 0000651574969,00	 0250743349346,00	 0000000000000,00	 0000000000000,00
146000300	 0000000000000,00	 0000000000000,00	 0000000000000,00	 0000000000000,00
146000400	 0001455033443,00	 0798105818494,00	 0000000000000,00	 0000000000000,00
146000401	 0001455033443,00	 0798105818494,00	 0000000000000,00	 0000000000000,00
146000402	 0000000000000,00	 0000000000000,00	 0000000000000,00	 0000000000000,00
146000500	 0000000000000,00	 0001434729485,00	 0000000000000,00	 0000000000000,00
146000900	 0000000000000,00	 0000000000000,00	 0000000000000,00	 0000000000000,00
146000901	 0000000000000,00	 0000000000000,00	 0000000000000,00	 0000000000000,00
146000902	 0000000000000,00	 0000000000000,00	 0000000000000,00	 0000000000000,00
146000903	 0000000000000,00	 0000000000000,00	 0000000000000,00	 0000000000000,00
146000909	 0000000000000,00	 0000000000000,00	 0000000000000,00	 0000000000000,00
148000000	 0440090084478,00	 0007793221437,00	 0000000000000,00	 0005267097699,00
148000100	 0271882673289,00	 0007793221437,00	 0000000000000,00	 0000000000000,00
148000200	 0063581834401,00	 0000000000000,00	 0000000000000,00	 0000000000000,00
148000300	 0104625576788,00	 0000000000000,00	 0000000000000,00	 0005267097699,00
148000301	 0060478301095,00	 0000000000000,00	 0000000000000,00	 0005267097699,00
148000302	 0044147275693,00	 0000000000000,00	 0000000000000,00	 0000000000000,00
148000400	 0000000000000,00	 0000000000000,00	 0000000000000,00	 0000000000000,00
148000900	 0000000000000,00	 0000000000000,00	 0000000000000,00	 0000000000000,00
148000901	 0000000000000,00	 0000000000000,00	 0000000000000,00	 0000000000000,00
148000902	 0000000000000,00	 0000000000000,00	 0000000000000,00	 0000000000000,00
149000000	-0146991970622,00	 0000000000000,00	 0000000000000,00	-0028600606741,00
149500100	-0121062201886,00	 0000000000000,00	 0000000000000,00	-0028568937621,00
149500101	-0021492934363,00	 0000000000000,00	 0000000000000,00	-0011945786275,00
149500102	-0010608008865,00	 0000000000000,00	 0000000000000,00	-0003635119399,00
149500103	-0076152999208,00	 0000000000000,00	 0000000000000,00	-0012874720011,00
149500104	-0003817221687,00	 0000000000000,00	 0000000000000,00	-0000033659802,00
149500105	-0008388646297,00	 0000000000000,00	 0000000000000,00	-0000079652134,00
149500109	-0000602391466,00	 0000000000000,00	 0000000000000,00	 0000000000000,00
149600100	-0001876732466,00	 0000000000000,00	 0000000000000,00	 0000000000000,00
149600101	-0001041353472,00	 0000000000000,00	 0000000000000,00	 0000000000000,00
149600102	-0000835378994,00	 0000000000000,00	 0000000000000,00	 0000000000000,00
149700100	-0024053036270,00	 0000000000000,00	 0000000000000,00	-0000031669120,00
149700101	-0013637492085,00	 0000000000000,00	 0000000000000,00	-0000031129673,00
149700102	-0010415544185,00	 0000000000000,00	 0000000000000,00	-0000000539447,00
150000000	 0002470102346,00	 0000000000000,00	 0000000000000,00	 0000000000000,00
150000100	 0000000000000,00	 0000000000000,00	 0000000000000,00	 0000000000000,00
150000200	 0000000000000,00	 0000000000000,00	 0000000000000,00	 0000000000000,00
150000201	 0000000000000,00	 0000000000000,00	 0000000000000,00	 0000000000000,00
150000202	 0000000000000,00	 0000000000000,00	 0000000000000,00	 0000000000000,00
150000300	 0000000000000,00	 0000000000000,00	 0000000000000,00	 0000000000000,00
150000400	 0000000000000,00	 0000000000000,00	 0000000000000,00	 0000000000000,00
150000500	 0000000000000,00	 0000000000000,00	 0000000000000,00	 0000000000000,00
150000600	 0000000000000,00	 0000000000000,00	 0000000000000,00	 0000000000000,00
150000700	 0002470102346,00	 0000000000000,00	 0000000000000,00	 0000000000000,00
150000800	 0000000000000,00	 0000000000000,00	 0000000000000,00	 0000000000000,00
160000000	 0040336938716,00	 0000000000000,00	 0000000000000,00	 0000000000000,00
160000100	 0013039110096,00	 0000000000000,00	 0000000000000,00	 0000000000000,00
160000200	 0006641704427,00	 0000000000000,00	 0000000000000,00	 0000000000000,00
160000201	 0000000000000,00	 0000000000000,00	 0000000000000,00	 0000000000000,00
160000202	 0000000000000,00	 0000000000000,00	 0000000000000,00	 0000000000000,00
160000203	 0000000000000,00	 0000000000000,00	 0000000000000,00	 0000000000000,00
160000204	 0000000000000,00	 0000000000000,00	 0000000000000,00	 0000000000000,00
160000205	 0000000000000,00	 0000000000000,00	 0000000000000,00	 0000000000000,00
160000206	 0000000000000,00	 0000000000000,00	 0000000000000,00	 0000000000000,00
160000207	 0006641704427,00	 0000000000000,00	 0000000000000,00	 0000000000000,00
160000208	 0000000000000,00	 0000000000000,00	 0000000000000,00	 0000000000000,00
160000209	 0000000000000,00	 0000000000000,00	 0000000000000,00	 0000000000000,00
160000219	 0000000000000,00	 0000000000000,00	 0000000000000,00	 0000000000000,00
160000300	 0020656124193,00	 0000000000000,00	 0000000000000,00	 0000000000000,00
160000301	 0020490414316,00	 0000000000000,00	 0000000000000,00	 0000000000000,00
160000302	 0000000000000,00	 0000000000000,00	 0000000000000,00	 0000000000000,00
160000303	 0000000000000,00	 0000000000000,00	 0000000000000,00	 0000000000000,00
160000309	 0000165709877,00	 0000000000000,00	 0000000000000,00	 0000000000000,00
160000319	 0000000000000,00	 0000000000000,00	 0000000000000,00	 0000000000000,00
170000000	 0018512000188,00	 0000000000000,00	 0000000000000,00	 0000000000000,00
170000100	 0014308389298,00	 0000000000000,00	 0000000000000,00	 0000000000000,00
170000101	 0019338200255,00	 0000000000000,00	 0000000000000,00	 0000000000000,00
170000102	 0000000000000,00	 0000000000000,00	 0000000000000,00	 0000000000000,00
170000119	-0005029810957,00	 0000000000000,00	 0000000000000,00	 0000000000000,00
170000200	 0004203610890,00	 0000000000000,00	 0000000000000,00	 0000000000000,00
170000201	 0010430844777,00	 0000000000000,00	 0000000000000,00	 0000000000000,00
170000209	 0018816668480,00	 0000000000000,00	 0000000000000,00	 0000000000000,00
170000219	-0025043902367,00	 0000000000000,00	 0000000000000,00	 0000000000000,00
175000000	 0000000000000,00	 0005879218733,00	 0000000000000,00	 0000000000000,00
175000100	 0000000000000,00	 0005879218733,00	 0000000000000,00	 0000000000000,00
175000101	 0000000000000,00	 0010703166637,00	 0000000000000,00	 0000000000000,00
175000102	 0000000000000,00	 0000000000000,00	 0000000000000,00	 0000000000000,00
175000119	 0000000000000,00	-0004823947904,00	 0000000000000,00	 0000000000000,00
175000200	 0000000000000,00	 0000000000000,00	 0000000000000,00	 0000000000000,00
175000201	 0000000000000,00	 0000000000000,00	 0000000000000,00	 0000000000000,00
175000219	 0000000000000,00	 0000000000000,00	 0000000000000,00	 0000000000000,00
175000300	 0000000000000,00	 0000000000000,00	 0000000000000,00	 0000000000000,00
175000301	 0000000000000,00	 0000000000000,00	 0000000000000,00	 0000000000000,00
175000309	 0000000000000,00	 0000000000000,00	 0000000000000,00	 0000000000000,00
175000319	 0000000000000,00	 0000000000000,00	 0000000000000,00	 0000000000000,00
175000400	 0000000000000,00	 0000000000000,00	 0000000000000,00	 0000000000000,00
175000401	 0000000000000,00	 0000000000000,00	 0000000000000,00	 0000000000000,00
175000409	 0000000000000,00	 0000000000000,00	 0000000000000,00	 0000000000000,00
175000419	 0000000000000,00	 0000000000000,00	 0000000000000,00	 0000000000000,00
180000000	 0015794995407,00	 0000000000000,00	 0000000000000,00	 0000000000000,00
185000000	 0070493516214,00	 0000000000000,00	 0000000000000,00	 0000000000000,00
190000000	 0085950614933,00	 0000000000000,00	 0000000000000,00	 0015396522880,00
190000100	 0026218611787,00	 0000000000000,00	 0000000000000,00	 0000000000000,00
190000101	 0026218611787,00	 0000000000000,00	 0000000000000,00	 0000000000000,00
190000102	 0000000000000,00	 0000000000000,00	 0000000000000,00	 0000000000000,00
190000103	 0000000000000,00	 0000000000000,00	 0000000000000,00	 0000000000000,00
190000200	 0006780291504,00	 0000000000000,00	 0000000000000,00	 0015103582807,00
190000201	 0006576085655,00	 0000000000000,00	 0000000000000,00	 0000000000000,00
190000202	 0000000000000,00	 0000000000000,00	 0000000000000,00	 0000000000000,00
190000203	 0000000000000,00	 0000000000000,00	 0000000000000,00	 0015103582807,00
190000204	 0000204205849,00	 0000000000000,00	 0000000000000,00	 0000000000000,00
190000300	 0014474294763,00	 0000000000000,00	 0000000000000,00	 0000000000000,00
190000301	 0005744163929,00	 0000000000000,00	 0000000000000,00	 0000000000000,00
190000302	 0008730130834,00	 0000000000000,00	 0000000000000,00	 0000000000000,00
190000303	 0000000000000,00	 0000000000000,00	 0000000000000,00	 0000000000000,00
190000400	 0000000000000,00	 0000000000000,00	 0000000000000,00	 0000000000000,00
190000401	 0000000000000,00	 0000000000000,00	 0000000000000,00	 0000000000000,00
190000402	 0000000000000,00	 0000000000000,00	 0000000000000,00	 0000000000000,00
190000500	 0017563610532,00	 0000000000000,00	 0000000000000,00	 0000000000000,00
190000501	 0000000000000,00	 0000000000000,00	 0000000000000,00	 0000000000000,00
190000502	 0000000000000,00	 0000000000000,00	 0000000000000,00	 0000000000000,00
190000503	 0000000000000,00	 0000000000000,00	 0000000000000,00	 0000000000000,00
190000504	 0000000000000,00	 0000000000000,00	 0000000000000,00	 0000000000000,00
190000505	 0000000000000,00	 0000000000000,00	 0000000000000,00	 0000000000000,00
190000509	 0017563610532,00	 0000000000000,00	 0000000000000,00	 0000000000000,00
190000600	 0004323073503,00	 0000000000000,00	 0000000000000,00	 0000000000000,00
190000700	 0000000000000,00	 0000000000000,00	 0000000000000,00	 0000000000000,00
190000701	 0000000000000,00	 0000000000000,00	 0000000000000,00	 0000000000000,00
190000702	 0000000000000,00	 0000000000000,00	 0000000000000,00	 0000000000000,00
190000800	 0002511641675,00	 0000000000000,00	 0000000000000,00	 0000000000000,00
190000900	 0001704697906,00	 0000000000000,00	 0000000000000,00	 0000000000000,00
190001000	 0000000000000,00	 0000000000000,00	 0000000000000,00	 0000000000000,00
190001100	 0000000000000,00	 0000000000000,00	 0000000000000,00	 0000000000000,00
190001200	 0000103154905,00	 0000000000000,00	 0000000000000,00	 0000000000000,00
190001300	 0000000000000,00	 0000000000000,00	 0000000000000,00	 0000000000000,00
190001400	 0000104288424,00	 0000000000000,00	 0000000000000,00	 0000000000000,00
190001500	 0007007205990,00	 0000000000000,00	 0000000000000,00	 0000011868417,00
190002900	 0005159743944,00	 0000000000000,00	 0000000000000,00	 0000281071656,00
192500100	 0000000000000,00	 0000000000000,00	 0000000000000,00	 0000000000000,00
192500101	 0000000000000,00	 0000000000000,00	 0000000000000,00	 0000000000000,00
192500102	 0000000000000,00	 0000000000000,00	 0000000000000,00	 0000000000000,00
192500103	 0000000000000,00	 0000000000000,00	 0000000000000,00	 0000000000000,00
195000000	 0033575084832,00	 0000000000000,00	 0000000000000,00	 0000000000000,00
195000100	 0014088321829,00	 0000000000000,00	 0000000000000,00	 0000000000000,00
195000101	 0004384760105,00	 0000000000000,00	 0000000000000,00	 0000000000000,00
195000102	 0010301282745,00	 0000000000000,00	 0000000000000,00	 0000000000000,00
195000103	-0000597721021,00	 0000000000000,00	 0000000000000,00	 0000000000000,00
195000200	 0019486763003,00	 0000000000000,00	 0000000000000,00	 0000000000000,00
195000201	 0000000000000,00	 0000000000000,00	 0000000000000,00	 0000000000000,00
195000202	 0000000000000,00	 0000000000000,00	 0000000000000,00	 0000000000000,00
195000203	 0000000000000,00	 0000000000000,00	 0000000000000,00	 0000000000000,00
195000204	 0019486763003,00	 0000000000000,00	 0000000000000,00	 0000000000000,00
195000219	 0000000000000,00	 0000000000000,00	 0000000000000,00	 0000000000000,00
195000300	 0000000000000,00	 0000000000000,00	 0000000000000,00	 0000000000000,00
200000000	 4518315771972,00	 3898043640356,00	 0015305762411,00	 1356629094542,00
207000000	 0056672236948,00	 0000000000000,00	 0000000000000,00	 0056689718322,00
207000100	 0000000000000,00	 0000000000000,00	 0000000000000,00	 0000000000000,00
207000101	 0000000000000,00	 0000000000000,00	 0000000000000,00	 0000000000000,00
207000102	 0000000000000,00	 0000000000000,00	 0000000000000,00	 0000000000000,00
207000200	 0000000000000,00	 0000000000000,00	 0000000000000,00	 0000000000000,00
207000300	 0056672236948,00	 0000000000000,00	 0000000000000,00	 0056689718322,00
207000301	 0029345081500,00	 0000000000000,00	 0000000000000,00	 0042543154064,00
207000309	 0000000000000,00	 0000000000000,00	 0000000000000,00	 0000000000000,00
207000311	 0027327155448,00	 0000000000000,00	 0000000000000,00	 0000369747090,00
207000319	 0000000000000,00	 0000000000000,00	 0000000000000,00	 0013776817168,00
210000000	 0190223125357,00	 0000000000000,00	 0000000000000,00	 0000000000000,00
211000100	 0190223125357,00	 0000000000000,00	 0000000000000,00	 0000000000000,00
211000101	 0079451057523,00	 0000000000000,00	 0000000000000,00	 0000000000000,00
211000102	 0110747946527,00	 0000000000000,00	 0000000000000,00	 0000000000000,00
211000103	 0000024121307,00	 0000000000000,00	 0000000000000,00	 0000000000000,00
211000104	 0000000000000,00	 0000000000000,00	 0000000000000,00	 0000000000000,00
211000105	 0000000000000,00	 0000000000000,00	 0000000000000,00	 0000000000000,00
211000190	 0000000000000,00	 0000000000000,00	 0000000000000,00	 0000000000000,00
213000100	 0000000000000,00	 0000000000000,00	 0000000000000,00	 0000000000000,00
213000101	 0000000000000,00	 0000000000000,00	 0000000000000,00	 0000000000000,00
213000102	 0000000000000,00	 0000000000000,00	 0000000000000,00	 0000000000000,00
213000103	 0000000000000,00	 0000000000000,00	 0000000000000,00	 0000000000000,00
213000109	 0000000000000,00	 0000000000000,00	 0000000000000,00	 0000000000000,00
218000000	 0000000000000,00	 0000000000000,00	 0000000000000,00	 0000000000000,00
218000001	 0000000000000,00	 0000000000000,00	 0000000000000,00	 0000000000000,00
218000002	 0000000000000,00	 0000000000000,00	 0000000000000,00	 0000000000000,00
218000003	 0000000000000,00	 0000000000000,00	 0000000000000,00	 0000000000000,00
218000009	 0000000000000,00	 0000000000000,00	 0000000000000,00	 0000000000000,00
230000000	 0018138484184,00	 0000000000000,00	 0000000000000,00	 0000000000000,00
230000100	 0018138484184,00	 0000000000000,00	 0000000000000,00	 0000000000000,00
230000101	 0000000000000,00	 0000000000000,00	 0000000000000,00	 0000000000000,00
230000102	 0018138484184,00	 0000000000000,00	 0000000000000,00	 0000000000000,00
230000103	 0000000000000,00	 0000000000000,00	 0000000000000,00	 0000000000000,00
230000104	 0000000000000,00	 0000000000000,00	 0000000000000,00	 0000000000000,00
230000105	 0000000000000,00	 0000000000000,00	 0000000000000,00	 0000000000000,00
230000190	 0000000000000,00	 0000000000000,00	 0000000000000,00	 0000000000000,00
240000000	 4111146028480,00	 3493208800022,00	 0015305762411,00	 1249136711071,00
241000000	 0725254317457,00	 0045889856823,00	 0000000000000,00	 0349113841794,00
241000100	 0568737002428,00	 0000000000000,00	 0000000000000,00	 0318874453814,00
241000101	 0000000000000,00	 0000000000000,00	 0000000000000,00	 0000000000000,00
241000102	 0000000000000,00	 0000000000000,00	 0000000000000,00	 0000000000000,00
241000103	 0384506860593,00	 0000000000000,00	 0000000000000,00	 0303099788757,00
241000104	 0184230141835,00	 0000000000000,00	 0000000000000,00	 0015774665057,00
241000200	 0014329913508,00	 0000000000000,00	 0000000000000,00	 0000000000000,00
241000201	 0000000000000,00	 0000000000000,00	 0000000000000,00	 0000000000000,00
241000202	 0014329913508,00	 0000000000000,00	 0000000000000,00	 0000000000000,00
241000300	 0029929375927,00	 0000000000000,00	 0000000000000,00	 0000000000000,00
241000301	 0029929375927,00	 0000000000000,00	 0000000000000,00	 0000000000000,00
241000400	 0000000000000,00	 0000000000000,00	 0000000000000,00	 0000000000000,00
241000401	 0000000000000,00	 0000000000000,00	 0000000000000,00	 0000000000000,00
241000402	 0000000000000,00	 0000000000000,00	 0000000000000,00	 0000000000000,00
241000500	 0112258025594,00	 0045889856823,00	 0000000000000,00	 0030239387980,00
241000501	 0000000000000,00	 0000000000000,00	 0000000000000,00	 0000000000000,00
241000502	 0000000000000,00	 0000000000000,00	 0000000000000,00	 0000000000000,00
241000503	 0000000000000,00	 0000000000000,00	 0000000000000,00	 0000000000000,00
241000504	 0000000000000,00	 0000000000000,00	 0000000000000,00	 0000000000000,00
241000505	 0011153206388,00	 0008108014179,00	 0000000000000,00	 0001649305082,00
241000506	 0032016416777,00	 0000000000000,00	 0000000000000,00	 0000000000000,00
241000507	 0000000000000,00	 0000000000000,00	 0000000000000,00	 0002259566664,00
241000508	 0000610739500,00	 0000000000000,00	 0000000000000,00	 0000001411881,00
241000509	 0003938412293,00	 0000000000000,00	 0000000000000,00	 0000000000000,00
241000510	 0002760651637,00	 0000000000000,00	 0000000000000,00	 0000562245127,00
241000511	 0001686735404,00	 0000000000000,00	 0000000000000,00	 0000501583524,00
241000512	 0000000000000,00	 0000000000000,00	 0000000000000,00	 0000000000000,00
241000513	 0000000000000,00	 0000000000000,00	 0000000000000,00	 0000000000000,00
241000590	 0060091863595,00	 0037781842644,00	 0000000000000,00	 0025265275702,00
242000000	 1765318273050,00	 0253554270738,00	 0000000000000,00	 0590712915006,00
242000100	 1765318273050,00	 0253554270738,00	 0000000000000,00	 0590712915006,00
242000200	 0000000000000,00	 0000000000000,00	 0000000000000,00	 0000000000000,00
242000201	 0000000000000,00	 0000000000000,00	 0000000000000,00	 0000000000000,00
242000202	 0000000000000,00	 0000000000000,00	 0000000000000,00	 0000000000000,00
242000300	 0000000000000,00	 0000000000000,00	 0000000000000,00	 0000000000000,00
242000301	 0000000000000,00	 0000000000000,00	 0000000000000,00	 0000000000000,00
242000302	 0000000000000,00	 0000000000000,00	 0000000000000,00	 0000000000000,00
242000390	 0000000000000,00	 0000000000000,00	 0000000000000,00	 0000000000000,00
243000000	 0013926557906,00	 0000000000000,00	 0000000000000,00	 0000000000000,00
243000100	 0013926557906,00	 0000000000000,00	 0000000000000,00	 0000000000000,00
243000101	 0013926557906,00	 0000000000000,00	 0000000000000,00	 0000000000000,00
243000102	 0000000000000,00	 0000000000000,00	 0000000000000,00	 0000000000000,00
243000103	 0000000000000,00	 0000000000000,00	 0000000000000,00	 0000000000000,00
243000200	 0000000000000,00	 0000000000000,00	 0000000000000,00	 0000000000000,00
243000201	 0000000000000,00	 0000000000000,00	 0000000000000,00	 0000000000000,00
243000202	 0000000000000,00	 0000000000000,00	 0000000000000,00	 0000000000000,00
243000203	 0000000000000,00	 0000000000000,00	 0000000000000,00	 0000000000000,00
243000300	 0000000000000,00	 0000000000000,00	 0000000000000,00	 0000000000000,00
243000301	 0000000000000,00	 0000000000000,00	 0000000000000,00	 0000000000000,00
243000302	 0000000000000,00	 0000000000000,00	 0000000000000,00	 0000000000000,00
243000400	 0000000000000,00	 0000000000000,00	 0000000000000,00	 0000000000000,00
243000401	 0000000000000,00	 0000000000000,00	 0000000000000,00	 0000000000000,00
243000402	 0000000000000,00	 0000000000000,00	 0000000000000,00	 0000000000000,00
244000000	 1188581662334,00	 0000000000000,00	 0000000000000,00	 0309030058833,00
244250000	 0000094242074,00	 0000000000000,00	 0000000000000,00	 0000000000000,00
244250100	 0000000000000,00	 0000000000000,00	 0000000000000,00	 0000000000000,00
244250101	 0000000000000,00	 0000000000000,00	 0000000000000,00	 0000000000000,00
244250102	 0000000000000,00	 0000000000000,00	 0000000000000,00	 0000000000000,00
244250103	 0000000000000,00	 0000000000000,00	 0000000000000,00	 0000000000000,00
244250200	 0000094242074,00	 0000000000000,00	 0000000000000,00	 0000000000000,00
244250201	 0000000000000,00	 0000000000000,00	 0000000000000,00	 0000000000000,00
244250202	 0000000000000,00	 0000000000000,00	 0000000000000,00	 0000000000000,00
244250203	 0000094242074,00	 0000000000000,00	 0000000000000,00	 0000000000000,00
244250204	 0000000000000,00	 0000000000000,00	 0000000000000,00	 0000000000000,00
244250209	 0000000000000,00	 0000000000000,00	 0000000000000,00	 0000000000000,00
244500000	 0000000000000,00	 0000000000000,00	 0000000000000,00	 0309030058833,00
244500100	 0000000000000,00	 0000000000000,00	 0000000000000,00	 0242705544973,00
244500101	 0000000000000,00	 0000000000000,00	 0000000000000,00	 0158948944163,00
244500102	 0000000000000,00	 0000000000000,00	 0000000000000,00	 0083756600810,00
244500103	 0000000000000,00	 0000000000000,00	 0000000000000,00	 0000000000000,00
244500200	 0000000000000,00	 0000000000000,00	 0000000000000,00	 0066324513860,00
244500201	 0000000000000,00	 0000000000000,00	 0000000000000,00	 0000000000000,00
244500202	 0000000000000,00	 0000000000000,00	 0000000000000,00	 0066324513860,00
244500203	 0000000000000,00	 0000000000000,00	 0000000000000,00	 0000000000000,00
244500204	 0000000000000,00	 0000000000000,00	 0000000000000,00	 0000000000000,00
244500209	 0000000000000,00	 0000000000000,00	 0000000000000,00	 0000000000000,00
244700000	 1188487420260,00	 0000000000000,00	 0000000000000,00	 0000000000000,00
244700100	 1188487420260,00	 0000000000000,00	 0000000000000,00	 0000000000000,00
244700200	 0000000000000,00	 0000000000000,00	 0000000000000,00	 0000000000000,00
244900000	 0000000000000,00	 0000000000000,00	 0000000000000,00	 0000000000000,00
244900100	 0000000000000,00	 0000000000000,00	 0000000000000,00	 0000000000000,00
244900200	 0000000000000,00	 0000000000000,00	 0000000000000,00	 0000000000000,00
245000000	 0404263667106,00	 3192856997209,00	 0000000000000,00	 0000000000000,00
245000100	 0000000000000,00	 0000837793341,00	 0000000000000,00	 0000000000000,00
245000101	 0000000000000,00	 0000386039865,00	 0000000000000,00	 0000000000000,00
245000102	 0000000000000,00	 0000451753476,00	 0000000000000,00	 0000000000000,00
245000200	 0404263667106,00	 3192019203868,00	 0000000000000,00	 0000000000000,00
245000201	 0404263667106,00	 3192019203868,00	 0000000000000,00	 0000000000000,00
245000203	 0000000000000,00	 0000000000000,00	 0000000000000,00	 0000000000000,00
246000000	 0013801550627,00	 0000907675252,00	 0015305762411,00	 0000279895438,00
246000100	 0000000000000,00	 0000907675252,00	 0015305762411,00	 0000000000000,00
246000101	 0000000000000,00	 0000907675252,00	 0015305762411,00	 0000000000000,00
246000102	 0000000000000,00	 0000000000000,00	 0000000000000,00	 0000000000000,00
246000200	 0013801550627,00	 0000000000000,00	 0000000000000,00	 0000279895438,00
246000201	 0000000000000,00	 0000000000000,00	 0000000000000,00	 0000000000000,00
246000202	 0000000000000,00	 0000000000000,00	 0000000000000,00	 0000000000000,00
246000203	 0000000000000,00	 0000000000000,00	 0000000000000,00	 0000000000000,00
246000204	 0013801550627,00	 0000000000000,00	 0000000000000,00	 0000279895438,00
246000205	 0000000000000,00	 0000000000000,00	 0000000000000,00	 0000000000000,00
246000206	 0000000000000,00	 0000000000000,00	 0000000000000,00	 0000000000000,00
246000207	 0000000000000,00	 0000000000000,00	 0000000000000,00	 0000000000000,00
246000208	 0000000000000,00	 0000000000000,00	 0000000000000,00	 0000000000000,00
246000290	 0000000000000,00	 0000000000000,00	 0000000000000,00	 0000000000000,00
246000300	 0000000000000,00	 0000000000000,00	 0000000000000,00	 0000000000000,00
246000301	 0000000000000,00	 0000000000000,00	 0000000000000,00	 0000000000000,00
246000302	 0000000000000,00	 0000000000000,00	 0000000000000,00	 0000000000000,00
246000303	 0000000000000,00	 0000000000000,00	 0000000000000,00	 0000000000000,00
246000304	 0000000000000,00	 0000000000000,00	 0000000000000,00	 0000000000000,00
246000305	 0000000000000,00	 0000000000000,00	 0000000000000,00	 0000000000000,00
246000390	 0000000000000,00	 0000000000000,00	 0000000000000,00	 0000000000000,00
250000000	 0000000000000,00	 0006243270212,00	 0000000000000,00	 0000000000000,00
255000000	 0000000000000,00	 0398556182045,00	 0000000000000,00	 0000000000000,00
255000100	 0000000000000,00	 0398556182045,00	 0000000000000,00	 0000000000000,00
255000101	 0000000000000,00	 0000000000000,00	 0000000000000,00	 0000000000000,00
255000102	 0000000000000,00	 0398556182045,00	 0000000000000,00	 0000000000000,00
255000200	 0000000000000,00	 0000000000000,00	 0000000000000,00	 0000000000000,00
255000300	 0000000000000,00	 0000000000000,00	 0000000000000,00	 0000000000000,00
260000000	 0019411903159,00	 0000000000000,00	 0000000000000,00	 0000000000000,00
260000100	 0010825376562,00	 0000000000000,00	 0000000000000,00	 0000000000000,00
260000101	 0004966957741,00	 0000000000000,00	 0000000000000,00	 0000000000000,00
260000102	 0000000000000,00	 0000000000000,00	 0000000000000,00	 0000000000000,00
260000103	 0000000000000,00	 0000000000000,00	 0000000000000,00	 0000000000000,00
260000104	 0000000000000,00	 0000000000000,00	 0000000000000,00	 0000000000000,00
260000105	 0000000000000,00	 0000000000000,00	 0000000000000,00	 0000000000000,00
260000106	 0000000000000,00	 0000000000000,00	 0000000000000,00	 0000000000000,00
260000107	 0000000000000,00	 0000000000000,00	 0000000000000,00	 0000000000000,00
260000109	 0005858418821,00	 0000000000000,00	 0000000000000,00	 0000000000000,00
260000200	 0000000000000,00	 0000000000000,00	 0000000000000,00	 0000000000000,00
260000300	 0000000000000,00	 0000000000000,00	 0000000000000,00	 0000000000000,00
260000400	 0000005511434,00	 0000000000000,00	 0000000000000,00	 0000000000000,00
260000500	 0005178580187,00	 0000000000000,00	 0000000000000,00	 0000000000000,00
260000600	 0000000000000,00	 0000000000000,00	 0000000000000,00	 0000000000000,00
260000900	 0003402434976,00	 0000000000000,00	 0000000000000,00	 0000000000000,00
265000000	 0017593170817,00	 0000000000000,00	 0000000000000,00	 0000000000000,00
265000100	 0017593170817,00	 0000000000000,00	 0000000000000,00	 0000000000000,00
265000101	 0017593170817,00	 0000000000000,00	 0000000000000,00	 0000000000000,00
265000102	 0000000000000,00	 0000000000000,00	 0000000000000,00	 0000000000000,00
265000200	 0000000000000,00	 0000000000000,00	 0000000000000,00	 0000000000000,00
265000300	 0000000000000,00	 0000000000000,00	 0000000000000,00	 0000000000000,00
270000000	 0030715892914,00	 0000000000000,00	 0000000000000,00	 0001329946716,00
271000000	 0007471054288,00	 0000000000000,00	 0000000000000,00	 0001329946716,00
271000100	 0000000000000,00	 0000000000000,00	 0000000000000,00	 0000165466170,00
271000200	 0000000000000,00	 0000000000000,00	 0000000000000,00	 0000022377265,00
271000400	 0003050102918,00	 0000000000000,00	 0000000000000,00	 0000157854442,00
271000500	 0001584648618,00	 0000000000000,00	 0000000000000,00	 0000263748078,00
271000501	 0001315409382,00	 0000000000000,00	 0000000000000,00	 0000000000000,00
271000502	 0000269239236,00	 0000000000000,00	 0000000000000,00	 0000263748078,00
271000503	 0000000000000,00	 0000000000000,00	 0000000000000,00	 0000000000000,00
271000504	 0000000000000,00	 0000000000000,00	 0000000000000,00	 0000000000000,00
271000505	 0000000000000,00	 0000000000000,00	 0000000000000,00	 0000000000000,00
271000600	 0002085906983,00	 0000000000000,00	 0000000000000,00	 0000000000000,00
271000601	 0000000000000,00	 0000000000000,00	 0000000000000,00	 0000000000000,00
271000602	 0002085906983,00	 0000000000000,00	 0000000000000,00	 0000000000000,00
271000700	 0000750395769,00	 0000000000000,00	 0000000000000,00	 0000720500761,00
271000701	 0000000000000,00	 0000000000000,00	 0000000000000,00	 0000000000000,00
271000702	 0000000000000,00	 0000000000000,00	 0000000000000,00	 0000000000000,00
271000703	 0000247459453,00	 0000000000000,00	 0000000000000,00	 0000000000000,00
271000704	 0000502936316,00	 0000000000000,00	 0000000000000,00	 0000720500761,00
271000705	 0000000000000,00	 0000000000000,00	 0000000000000,00	 0000000000000,00
271000800	 0000000000000,00	 0000000000000,00	 0000000000000,00	 0000000000000,00
271000900	 0000000000000,00	 0000000000000,00	 0000000000000,00	 0000000000000,00
272000000	 0000744838626,00	 0000000000000,00	 0000000000000,00	 0000000000000,00
273000000	 0000000000000,00	 0000000000000,00	 0000000000000,00	 0000000000000,00
274000000	 0022500000000,00	 0000000000000,00	 0000000000000,00	 0000000000000,00
274000100	 0011000000000,00	 0000000000000,00	 0000000000000,00	 0000000000000,00
274000200	 0001000000000,00	 0000000000000,00	 0000000000000,00	 0000000000000,00
274000300	 0010500000000,00	 0000000000000,00	 0000000000000,00	 0000000000000,00
275000000	 0000000000000,00	 0000000000000,00	 0000000000000,00	 0000000000000,00
275000100	 0000000000000,00	 0000000000000,00	 0000000000000,00	 0000000000000,00
275000200	 0000000000000,00	 0000000000000,00	 0000000000000,00	 0000000000000,00
275000300	 0000000000000,00	 0000000000000,00	 0000000000000,00	 0000000000000,00
275000400	 0000000000000,00	 0000000000000,00	 0000000000000,00	 0000000000000,00
275000500	 0000000000000,00	 0000000000000,00	 0000000000000,00	 0000000000000,00
275000600	 0000000000000,00	 0000000000000,00	 0000000000000,00	 0000000000000,00
279000000	 0000000000000,00	 0000000000000,00	 0000000000000,00	 0000000000000,00
279000100	 0000000000000,00	 0000000000000,00	 0000000000000,00	 0000000000000,00
279000200	 0000000000000,00	 0000000000000,00	 0000000000000,00	 0000000000000,00
279000300	 0000000000000,00	 0000000000000,00	 0000000000000,00	 0000000000000,00
280000000	 0000612379390,00	 0000000000000,00	 0000000000000,00	 0000000000000,00
285000000	 0000000000000,00	 0000000000000,00	 0000000000000,00	 0000000000000,00
290000000	 0073802550723,00	 0000035388077,00	 0000000000000,00	 0049472718433,00
290000100	 0004908137437,00	 0000000000000,00	 0000000000000,00	 0048714435800,00
290000101	 0004884038437,00	 0000000000000,00	 0000000000000,00	 0000000000000,00
290000102	 0000000000000,00	 0000000000000,00	 0000000000000,00	 0000000000000,00
290000103	 0000024099000,00	 0000000000000,00	 0000000000000,00	 0048714435800,00
290000104	 0000000000000,00	 0000000000000,00	 0000000000000,00	 0000000000000,00
290000200	 0010955708109,00	 0000000000000,00	 0000000000000,00	 0000000000000,00
290000201	 0005739058132,00	 0000000000000,00	 0000000000000,00	 0000000000000,00
290000202	 0005216649977,00	 0000000000000,00	 0000000000000,00	 0000000000000,00
290000203	 0000000000000,00	 0000000000000,00	 0000000000000,00	 0000000000000,00
290000300	 0026393777093,00	 0000000000000,00	 0000000000000,00	 0000000000000,00
290000301	 0000000000000,00	 0000000000000,00	 0000000000000,00	 0000000000000,00
290000302	 0001336513244,00	 0000000000000,00	 0000000000000,00	 0000000000000,00
290000303	 0000000000000,00	 0000000000000,00	 0000000000000,00	 0000000000000,00
290000304	 0000000000000,00	 0000000000000,00	 0000000000000,00	 0000000000000,00
290000305	 0001133461421,00	 0000000000000,00	 0000000000000,00	 0000000000000,00
290000306	 0000000000000,00	 0000000000000,00	 0000000000000,00	 0000000000000,00
290000307	 0001058320654,00	 0000000000000,00	 0000000000000,00	 0000000000000,00
290000308	 0016624054720,00	 0000000000000,00	 0000000000000,00	 0000000000000,00
290000309	 0002588514348,00	 0000000000000,00	 0000000000000,00	 0000000000000,00
290000390	 0003652912706,00	 0000000000000,00	 0000000000000,00	 0000000000000,00
290000400	 0000000000000,00	 0000000000000,00	 0000000000000,00	 0000000000000,00
290000500	 0000000000000,00	 0000035388077,00	 0000000000000,00	 0000000000000,00
290000501	 0000000000000,00	 0000035388077,00	 0000000000000,00	 0000000000000,00
290000502	 0000000000000,00	 0000000000000,00	 0000000000000,00	 0000000000000,00
290000700	 0014992447791,00	 0000000000000,00	 0000000000000,00	 0000000000000,00
290000800	 0002380454445,00	 0000000000000,00	 0000000000000,00	 0000444020077,00
290000801	 0000000000000,00	 0000000000000,00	 0000000000000,00	 0000000000000,00
290000802	 0000000000000,00	 0000000000000,00	 0000000000000,00	 0000000000000,00
290000803	 0002135000000,00	 0000000000000,00	 0000000000000,00	 0000000000000,00
290000809	 0000245454445,00	 0000000000000,00	 0000000000000,00	 0000444020077,00
290000900	 0002234846366,00	 0000000000000,00	 0000000000000,00	 0000000000000,00
290001000	 0000000000000,00	 0000000000000,00	 0000000000000,00	 0000000000000,00
290001100	 0000000000000,00	 0000000000000,00	 0000000000000,00	 0000308217436,00
290001200	 0011937179482,00	 0000000000000,00	 0000000000000,00	 0000006045120,00
295000000	 0000000000000,00	 0000000000000,00	 0000000000000,00	 0000000000000,00
300000000	 0793721735526,00	 0000000000000,00	 0000000000000,00	 0000147436906,00
310000000	 0325040961836,00	 0000000000000,00	 0000000000000,00	 0000000000000,00
311000000	 0325040961836,00	 0000000000000,00	 0000000000000,00	 0000000000000,00
311000100	 0325040961836,00	 0000000000000,00	 0000000000000,00	 0000000000000,00
311000200	 0000000000000,00	 0000000000000,00	 0000000000000,00	 0000000000000,00
311000300	 0000000000000,00	 0000000000000,00	 0000000000000,00	 0000000000000,00
311000400	 0000000000000,00	 0000000000000,00	 0000000000000,00	 0000000000000,00
311000500	 0000000000000,00	 0000000000000,00	 0000000000000,00	 0000000000000,00
311000600	 0000000000000,00	 0000000000000,00	 0000000000000,00	 0000000000000,00
312000000	 0000000000000,00	 0000000000000,00	 0000000000000,00	 0000000000000,00
313000000	 0000000000000,00	 0000000000000,00	 0000000000000,00	 0000000000000,00
320000000	 0015924880839,00	 0000000000000,00	 0000000000000,00	 0000000000000,00
320000100	 0015924880839,00	 0000000000000,00	 0000000000000,00	 0000000000000,00
320000200	 0000000000000,00	 0000000000000,00	 0000000000000,00	 0000000000000,00
320000300	 0000000000000,00	 0000000000000,00	 0000000000000,00	 0000000000000,00
320000400	 0000000000000,00	 0000000000000,00	 0000000000000,00	 0000000000000,00
330000000	 0005089989440,00	 0000000000000,00	 0000000000000,00	 0000000000000,00
331000000	 0000153700071,00	 0000000000000,00	 0000000000000,00	 0000000000000,00
331000100	 0000000000000,00	 0000000000000,00	 0000000000000,00	 0000000000000,00
331000200	 0000153700071,00	 0000000000000,00	 0000000000000,00	 0000000000000,00
331000201	 0000153700071,00	 0000000000000,00	 0000000000000,00	 0000000000000,00
331000202	 0000000000000,00	 0000000000000,00	 0000000000000,00	 0000000000000,00
331000203	 0000000000000,00	 0000000000000,00	 0000000000000,00	 0000000000000,00
331000209	 0000000000000,00	 0000000000000,00	 0000000000000,00	 0000000000000,00
331000300	 0000000000000,00	 0000000000000,00	 0000000000000,00	 0000000000000,00
331000400	 0000000000000,00	 0000000000000,00	 0000000000000,00	 0000000000000,00
331000500	 0000000000000,00	 0000000000000,00	 0000000000000,00	 0000000000000,00
331000900	 0000000000000,00	 0000000000000,00	 0000000000000,00	 0000000000000,00
332000000	 0004936289369,00	 0000000000000,00	 0000000000000,00	 0000000000000,00
332000100	 0003518408184,00	 0000000000000,00	 0000000000000,00	 0000000000000,00
332000200	 0000000000000,00	 0000000000000,00	 0000000000000,00	 0000000000000,00
332000300	 0000000000000,00	 0000000000000,00	 0000000000000,00	 0000000000000,00
332000400	 0001417881185,00	 0000000000000,00	 0000000000000,00	 0000000000000,00
332000500	 0000000000000,00	 0000000000000,00	 0000000000000,00	 0000000000000,00
332000600	 0000000000000,00	 0000000000000,00	 0000000000000,00	 0000000000000,00
332000700	 0000000000000,00	 0000000000000,00	 0000000000000,00	 0000000000000,00
332000900	 0000000000000,00	 0000000000000,00	 0000000000000,00	 0000000000000,00
340000000	 0406564296631,00	 0000000000000,00	 0000000000000,00	 0000147436906,00
340000100	 0410067062809,00	 0000000000000,00	 0000000000000,00	 0000147436906,00
340000200	-0003502766178,00	 0000000000000,00	 0000000000000,00	 0000000000000,00
350000000	 0058643902724,00	 0000000000000,00	 0000000000000,00	 0000000000000,00
360000000	-0017593170817,00	 0000000000000,00	 0000000000000,00	 0000000000000,00
360000100	-0017593170817,00	 0000000000000,00	 0000000000000,00	 0000000000000,00
360000101	-0017593170817,00	 0000000000000,00	 0000000000000,00	 0000000000000,00
360000102	 0000000000000,00	 0000000000000,00	 0000000000000,00	 0000000000000,00
360000200	 0000000000000,00	 0000000000000,00	 0000000000000,00	 0000000000000,00
360000300	 0000000000000,00	 0000000000000,00	 0000000000000,00	 0000000000000,00
365000000	 0000000000000,00	 0000000000000,00	 0000000000000,00	 0000000000000,00
380000000	 0793670860653,00	 0000000000000,00	 0000000000000,00	 0000147436906,00
390000000	 0000050874873,00	 0000000000000,00	 0000000000000,00	 0000000000000,00
500000000	 2683137056438,00	 4002005827176,00	 0006902268233,00	 0746336280516,00
505000000	 2683137056438,00	 4002005827176,00	 0006902268233,00	 0746336280516,00
510000000	 5312037507498,00	 3898043640356,00	 0015305762411,00	 1356776531448,00
